2391, 3999, 4000, 4000, 3999, 6771,
2391, 4000, 4001, 4001, 4000, 6228,
2392, 4001, 4002, 4002, 4001, 6228,
2392, 4002, 4003, 4003, 4002, 6769,
2393, 4004, 4005, 4005, 4004, 6232,
2393, 4005, 4006, 4006, 4005, 6772,
2396, 4009, 4010, 4010, 4009, 6770,
2396, 4010, 4004, 4004, 4010, 6232,
2399, 4013, 4014, 4014, 4013, 6773,
2399, 4014, 4015, 4015, 4014, 6234,
2400, 4015, 4016, 4016, 4015, 6234,
2400, 4016, 3999, 3999, 4016, 6771,
2401, 4017, 4018, 4018, 4017, 6236,
2401, 4018, 4019, 4019, 4018, 6774,
2404, 4006, 4022, 4022, 4006, 6772,
2404, 4022, 4017, 4017, 4022, 6236,
2407, 4025, 4026, 4026, 4025, 6775,
2407, 4026, 4027, 4027, 4026, 6238,
2408, 4027, 4028, 4028, 4027, 6238,
2408, 4028, 4013, 4013, 4028, 6773,
2409, 4029, 4030, 4030, 4029, 6240,
2409, 4030, 4031, 4031, 4030, 6776,
2412, 4019, 4034, 4034, 4019, 6774,
2412, 4034, 4029, 4029, 4034, 6240,
2415, 4037, 4038, 4038, 4037, 6777,
2415, 4038, 4039, 4039, 4038, 6242,
2416, 4039, 4040, 4040, 4039, 6242,
2416, 4040, 4025, 4025, 4040, 6775,
2417, 4041, 4042, 4042, 4041, 6244,
2417, 4042, 4043, 4043, 4042, 6778,
2420, 4031, 4046, 4046, 4031, 6776,
2420, 4046, 4041, 4041, 4046, 6244,
2423, 4049, 4050, 4050, 4049, 6779,
2423, 4050, 4051, 4051, 4050, 6246,
2424, 4051, 4052, 4052, 4051, 6246,
2424, 4052, 4037, 4037, 4052, 6777,
2425, 4053, 4054, 4054, 4053, 6248,
2425, 4054, 4055, 4055, 4054, 6780,
2428, 4043, 4058, 4058, 4043, 6778,
2428, 4058, 4053, 4053, 4058, 6248,
2431, 4061, 4062, 4062, 4061, 6783,
2431, 4062, 4063, 4063, 4062, 6250,
2432, 4063, 4064, 4064, 4063, 6250,
2432, 4064, 4049, 4049, 4064, 6779,
2433, 4065, 4066, 4066, 4065, 6252,
2433, 4066, 4067, 4067, 4066, 6784,
2436, 4055, 4070, 4070, 4055, 6780,
2436, 4070, 4065, 4065, 4070, 6252,
2439, 4073, 4074, 4074, 4073, 6785,
2439, 4074, 4075, 4075, 4074, 6254,
2440, 4075, 4076, 4076, 4075, 6254,
2440, 4076, 4061, 4061, 4076, 6783,
2441, 4077, 4078, 4078, 4077, 6256,
2441, 4078, 4079, 4079, 4078, 6786,
2444, 4067, 4082, 4082, 4067, 6784,
2444, 4082, 4077, 4077, 4082, 6256,
2447, 4003, 4085, 4085, 4003, 6769,
2447, 4085, 4086, 4086, 4085, 6257,
2448, 4086, 4087, 4087, 4086, 6257,
2448, 4087, 4073, 4073, 4087, 6785,
2449, 4088, 4089, 4089, 4088, 6258,
2449, 4089, 4009, 4009, 4089, 6770,
2452, 4079, 4092, 4092, 4079, 6786,
2452, 4092, 4088, 4088, 4092, 6258,
2453, 4093, 4094, 4094, 4093, 6260,
2453, 4095, 4096, 4096, 4095, 6259,
2454, 4096, 4097, 4097, 4096, 6259,
2454, 4097, 4087, 4087, 4097, 6785,
2454, 4087, 4098, 4098, 4087, 6257,
2455, 4098, 4085, 4085, 4098, 6257,
2455, 4085, 4099, 4099, 4085, 6769,
2455, 4099, 4093, 4093, 4099, 6260,
2456, 4100, 4101, 4101, 4100, 6262,
2456, 4101, 4089, 4089, 4101, 6770,
2456, 4089, 4102, 4102, 4089, 6258,
2457, 4102, 4092, 4092, 4102, 6258,
2457, 4092, 4103, 4103, 4092, 6786,
2457, 4103, 4104, 4104, 4103, 6261,
2458, 4104, 4105, 4105, 4104, 6261,
2458, 4106, 4100, 4100, 4106, 6262,
2459, 4107, 4108, 4108, 4107, 6263,
2459, 4108, 4076, 4076, 4108, 6783,
2459, 4076, 4109, 4109, 4076, 6254,
2460, 4109, 4074, 4074, 4109, 6254,
2460, 4074, 4097, 4097, 4074, 6785,
2460, 4097, 4110, 4110, 4097, 6259,
2461, 4110, 4095, 4095, 4110, 6259,
2461, 4111, 4107, 4107, 4111, 6263,
2462, 4112, 4113, 4113, 4112, 6264,
2462, 4105, 4114, 4114, 4105, 6261,
2463, 4114, 4103, 4103, 4114, 6261,
2463, 4103, 4078, 4078, 4103, 6786,
2463, 4078, 4115, 4115, 4078, 6256,
2464, 4115, 4082, 4082, 4115, 6256,
2464, 4082, 4116, 4116, 4082, 6784,
2464, 4116, 4112, 4112, 4116, 6264,
2465, 4117, 4111, 4111, 4117, 6263,
2465, 4118, 4119, 4119, 4118, 6265,
2466, 4119, 4120, 4120, 4119, 6265,
2466, 4120, 4064, 4064, 4120, 6779,
2466, 4064, 4121, 4121, 4064, 6250,
2467, 4121, 4062, 4062, 4121, 6250,
2467, 4062, 4108, 4108, 4062, 6783,
2467, 4108, 4117, 4117, 4108, 6263,
2468, 4122, 4116, 4116, 4122, 6264,
2468, 4116, 4066, 4066, 4116, 6784,
2468, 4066, 4123, 4123, 4066, 6252,
2469, 4123, 4070, 4070, 4123, 6252,
2469, 4070, 4124, 4124, 4070, 6780,
2469, 4124, 4125, 4125, 4124, 6266,
2470, 4125, 4126, 4126, 4125, 6266,
2470, 4113, 4122, 4122, 4113, 6264,
2471, 4127, 4118, 4118, 4127, 6265,
2471, 4128, 4129, 4129, 4128, 6267,
2472, 4129, 4130, 4130, 4129, 6267,
2472, 4130, 4052, 4052, 4130, 6777,
2472, 4052, 4131, 4131, 4052, 6246,
2473, 4131, 4050, 4050, 4131, 6246,
2473, 4050, 4120, 4120, 4050, 6779,
2473, 4120, 4127, 4127, 4120, 6265,
2474, 4132, 4124, 4124, 4132, 6266,
2474, 4124, 4054, 4054, 4124, 6780,
2474, 4054, 4133, 4133, 4054, 6248,
2475, 4133, 4058, 4058, 4133, 6248,
2475, 4058, 4134, 4134, 4058, 6778,
2475, 4134, 4135, 4135, 4134, 6268,
2476, 4135, 4136, 4136, 4135, 6268,
2476, 4126, 4132, 4132, 4126, 6266,
2477, 4137, 4128, 4128, 4137, 6267,
2477, 4138, 4139, 4139, 4138, 6269,
2478, 4139, 4140, 4140, 4139, 6269,
2478, 4140, 4040, 4040, 4140, 6775,
2478, 4040, 4141, 4141, 4040, 6242,
2479, 4141, 4038, 4038, 4141, 6242,
2479, 4038, 4130, 4130, 4038, 6777,
2479, 4130, 4137, 4137, 4130, 6267,
2480, 4142, 4134, 4134, 4142, 6268,
2480, 4134, 4042, 4042, 4134, 6778,
2480, 4042, 4143, 4143, 4042, 6244,
2481, 4143, 4046, 4046, 4143, 6244,
2481, 4046, 4144, 4144, 4046, 6776,
2481, 4144, 4145, 4145, 4144, 6270,
2482, 4145, 4146, 4146, 4145, 6270,
2482, 4136, 4142, 4142, 4136, 6268,
2483, 4147, 4138, 4138, 4147, 6269,
2483, 4148, 4149, 4149, 4148, 6271,
2484, 4149, 4150, 4150, 4149, 6271,
2484, 4150, 4028, 4028, 4150, 6773,
2484, 4028, 4151, 4151, 4028, 6238,
2485, 4151, 4026, 4026, 4151, 6238,
2485, 4026, 4140, 4140, 4026, 6775,
2485, 4140, 4147, 4147, 4140, 6269,
2486, 4152, 4144, 4144, 4152, 6270,
2486, 4144, 4030, 4030, 4144, 6776,
2486, 4030, 4153, 4153, 4030, 6240,
2487, 4153, 4034, 4034, 4153, 6240,
2487, 4034, 4154, 4154, 4034, 6774,
2487, 4154, 4155, 4155, 4154, 6272,
2488, 4155, 4156, 4156, 4155, 6272,
2488, 4146, 4152, 4152, 4146, 6270,
2489, 4157, 4148, 4148, 4157, 6271,
2489, 4158, 4159, 4159, 4158, 6273,
2490, 4159, 4160, 4160, 4159, 6273,
2490, 4160, 4016, 4016, 4160, 6771,
2490, 4016, 4161, 4161, 4016, 6234,
2491, 4161, 4014, 4014, 4161, 6234,
2491, 4014, 4150, 4150, 4014, 6773,
2491, 4150, 4157, 4157, 4150, 6271,
2492, 4162, 4154, 4154, 4162, 6272,
2492, 4154, 4018, 4018, 4154, 6774,
2492, 4018, 4163, 4163, 4018, 6236,
2493, 4163, 4022, 4022, 4163, 6236,
2493, 4022, 4164, 4164, 4022, 6772,
2493, 4164, 4165, 4165, 4164, 6274,
2494, 4165, 4166, 4166, 4165, 6274,
2494, 4156, 4162, 4162, 4156, 6272,
2495, 4167, 4158, 4158, 4167, 6273,
2495, 4094, 4168, 4168, 4094, 6260,
2496, 4168, 4099, 4099, 4168, 6260,
2496, 4099, 4002, 4002, 4099, 6769,
2496, 4002, 4169, 4169, 4002, 6228,
2497, 4169, 4000, 4000, 4169, 6228,
2497, 4000, 4160, 4160, 4000, 6771,
2497, 4160, 4167, 4167, 4160, 6273,
2498, 4170, 4164, 4164, 4170, 6274,
2498, 4164, 4005, 4005, 4164, 6772,
2498, 4005, 4171, 4171, 4005, 6232,
2499, 4171, 4010, 4010, 4171, 6232,
2499, 4010, 4101, 4101, 4010, 6770,
2499, 4101, 4172, 4172, 4101, 6262,
2500, 4172, 4106, 4106, 4172, 6262,
2500, 4166, 4170, 4170, 4166, 6274,
2541, 4192, 4189, 4189, 4192, 6005,
2541, 4189, 4190, 4190, 4189, 6286,
2541, 4190, 4191, 4191, 4190, 6796,
2541, 4191, 4192, 4192, 4191, 6283,
2542, 4195, 4192, 4192, 4195, 6005,
2542, 4192, 4193, 4193, 4192, 6283,
2543, 4198, 4195, 4195, 4198, 6005,
2543, 4197, 4198, 4198, 4197, 6285,
2544, 4189, 4198, 4198, 4189, 6005,
2544, 4198, 4199, 4199, 4198, 6285,
2544, 4200, 4189, 4189, 4200, 6286,
2545, 4204, 4201, 4201, 4204, 6006,
2545, 4201, 4202, 4202, 4201, 6290,
2546, 4207, 4204, 4204, 4207, 6006,
2546, 4206, 4207, 4207, 4206, 6288,
2547, 4210, 4207, 4207, 4210, 6006,
2547, 4207, 4208, 4208, 4207, 6288,
2547, 4208, 4209, 4209, 4208, 6797,
2547, 4209, 4210, 4210, 4209, 6289,
2548, 4201, 4210, 4210, 4201, 6006,
2548, 4210, 4211, 4211, 4210, 6289,
2548, 4212, 4201, 4201, 4212, 6290,
2605, 4239, 4237, 4237, 4239, 6007,
2605, 4238, 4239, 4239, 4238, 6303,
2606, 4242, 4239, 4239, 4242, 6007,
2606, 4239, 4240, 4240, 4239, 6303,
2606, 4240, 4241, 4241, 4240, 6787,
2606, 4241, 4242, 4242, 4241, 6304,
2607, 4245, 4242, 4242, 4245, 6007,
2607, 4242, 4243, 4243, 4242, 6304,
2607, 4244, 4245, 4245, 4244, 6305,
2608, 4237, 4245, 4245, 4237, 6007,
2608, 4245, 4246, 4246, 4245, 6305,
2609, 4249, 4247, 4247, 4249, 6008,
2609, 4247, 4248, 4248, 4247, 6307,
2609, 4243, 4249, 4249, 4243, 6304,
2610, 4251, 4249, 4249, 4251, 6008,
2610, 4249, 4241, 4241, 4249, 6304,
2610, 4241, 4250, 4250, 4241, 6787,
2610, 4250, 4251, 4251, 4250, 6306,
2611, 4253, 4251, 4251, 4253, 6008,
2611, 4251, 4252, 4252, 4251, 6306,
2612, 4247, 4253, 4253, 4247, 6008,
2612, 4254, 4247, 4247, 4254, 6307,
2629, 4266, 4263, 4263, 4266, 6009,
2629, 4265, 4266, 4266, 4265, 6312,
2630, 4268, 4266, 4266, 4268, 6009,
2630, 4266, 4267, 4267, 4266, 6312,
2630, 4199, 4268, 4268, 4199, 6285,
2631, 4269, 4268, 4268, 4269, 6009,
2631, 4268, 4197, 4197, 4268, 6285,
2632, 4263, 4269, 4269, 4263, 6009,
2633, 4272, 4271, 4271, 4272, 6010,
2633, 4202, 4272, 4272, 4202, 6290,
2634, 4274, 4272, 4272, 4274, 6010,
2634, 4272, 4212, 4212, 4272, 6290,
2634, 4273, 4274, 4274, 4273, 6314,
2635, 4277, 4274, 4274, 4277, 6010,
2635, 4274, 4275, 4275, 4274, 6314,
2636, 4271, 4277, 4277, 4271, 6010,
2637, 4281, 4279, 4279, 4281, 6011,
2637, 4279, 4265, 4265, 4279, 6312,
2638, 4284, 4281, 4281, 4284, 6011,
2638, 4283, 4284, 4284, 4283, 6317,
2639, 4287, 4284, 4284, 4287, 6011,
2639, 4284, 4285, 4285, 4284, 6317,
2639, 4286, 4287, 4287, 4286, 6318,
2640, 4279, 4287, 4287, 4279, 6011,
2640, 4287, 4288, 4288, 4287, 6318,
2640, 4267, 4279, 4279, 4267, 6312,
2641, 4292, 4289, 4289, 4292, 6012,
2641, 4289, 4290, 4290, 4289, 6321,
2641, 4291, 4292, 4292, 4291, 6319,
2642, 4295, 4292, 4292, 4295, 6012,
2642, 4292, 4293, 4293, 4292, 6319,
2643, 4297, 4295, 4295, 4297, 6012,
2643, 4275, 4297, 4297, 4275, 6314,
2644, 4289, 4297, 4297, 4289, 6012,
2644, 4297, 4273, 4273, 4297, 6314,
2644, 4298, 4289, 4289, 4298, 6321,
2645, 4301, 4299, 4299, 4301, 6013,
2646, 4302, 4301, 4301, 4302, 6013,
2646, 4246, 4302, 4302, 4246, 6305,
2647, 4304, 4302, 4302, 4304, 6013,
2647, 4302, 4244, 4244, 4302, 6305,
2647, 4303, 4304, 4304, 4303, 6322,
2648, 4299, 4304, 4304, 4299, 6013,
2648, 4304, 4305, 4305, 4304, 6322,
2649, 4309, 4307, 4307, 4309, 6014,
2649, 4307, 4308, 4308, 4307, 6325,
2649, 4248, 4309, 4309, 4248, 6307,
2650, 4310, 4309, 4309, 4310, 6014,
2650, 4309, 4254, 4254, 4309, 6307,
2651, 4312, 4310, 4310, 4312, 6014,
2652, 4307, 4312, 4312, 4307, 6014,
2652, 4314, 4307, 4307, 4314, 6325,
2653, 4317, 4315, 4315, 4317, 6015,
2653, 4305, 4317, 4317, 4305, 6322,
2654, 4319, 4317, 4317, 4319, 6015,
2654, 4317, 4303, 4303, 4317, 6322,
2654, 4318, 4319, 4319, 4318, 6326,
2655, 4322, 4319, 4319, 4322, 6015,
2655, 4319, 4320, 4320, 4319, 6326,
2655, 4320, 4321, 4321, 4320, 6856,
2655, 4321, 4322, 4322, 4321, 6327,
2656, 4315, 4322, 4322, 4315, 6015,
2656, 4322, 4323, 4323, 4322, 6327,
2657, 4327, 4325, 4325, 4327, 6016,
2657, 4325, 4326, 4326, 4325, 6330,
2657, 4326, 4320, 4320, 4326, 6856,
2657, 4320, 4327, 4327, 4320, 6326,
2658, 4328, 4327, 4327, 4328, 6016,
2658, 4327, 4318, 4318, 4327, 6326,
2658, 4308, 4328, 4328, 4308, 6325,
2659, 4330, 4328, 4328, 4330, 6016,
2659, 4328, 4314, 4314, 4328, 6325,
2660, 4325, 4330, 4330, 4325, 6016,
2660, 4332, 4325, 4325, 4332, 6330,
2661, 4335, 4333, 4333, 4335, 6017,
2661, 4333, 4334, 4334, 4333, 6332,
2661, 4285, 4335, 4335, 4285, 6317,
2662, 4337, 4335, 4335, 4337, 6017,
2662, 4335, 4283, 4283, 4335, 6317,
2663, 4339, 4337, 4337, 4339, 6017,
2663, 4323, 4339, 4339, 4323, 6327,
2664, 4333, 4339, 4339, 4333, 6017,
2664, 4339, 4321, 4321, 4339, 6327,
2664, 4321, 4340, 4340, 4321, 6856,
2664, 4340, 4333, 4333, 4340, 6332,
2665, 4343, 4341, 4341, 4343, 6018,
2665, 4341, 4332, 4332, 4341, 6330,
2666, 4345, 4343, 4343, 4345, 6018,
2666, 4293, 4345, 4345, 4293, 6319,
2667, 4346, 4345, 4345, 4346, 6018,
2667, 4345, 4291, 4291, 4345, 6319,
2667, 4334, 4346, 4346, 4334, 6332,
2668, 4341, 4346, 4346, 4341, 6018,
2668, 4346, 4340, 4340, 4346, 6332,
2668, 4340, 4326, 4326, 4340, 6856,
2668, 4326, 4341, 4341, 4326, 6330,
2677, 4354, 4351, 4351, 4354, 6019,
2677, 4351, 4352, 4352, 4351, 6337,
2677, 4353, 4354, 4354, 4353, 6336,
2678, 4356, 4354, 4354, 4356, 6019,
2678, 4354, 4355, 4355, 4354, 6336,
2679, 4357, 4356, 4356, 4357, 6019,
2680, 4351, 4357, 4357, 4351, 6019,
2680, 4358, 4351, 4351, 4358, 6337,
2681, 4360, 4359, 4359, 4360, 6020,
2682, 4362, 4360, 4360, 4362, 6020,
2682, 4361, 4362, 4362, 4361, 6338,
2683, 4365, 4362, 4362, 4365, 6020,
2683, 4362, 4363, 4363, 4362, 6338,
2683, 4364, 4365, 4365, 4364, 6339,
2684, 4359, 4365, 4365, 4359, 6020,
2684, 4365, 4366, 4366, 4365, 6339,
2693, 4377, 4375, 4375, 4377, 6021,
2693, 4375, 4376, 4376, 4375, 6344,
2693, 4352, 4377, 4377, 4352, 6337,
2694, 4378, 4377, 4377, 4378, 6021,
2694, 4377, 4358, 4358, 4377, 6337,
2695, 4379, 4378, 4378, 4379, 6021,
2696, 4375, 4379, 4379, 4375, 6021,
2696, 4380, 4375, 4375, 4380, 6344,
2697, 4382, 4381, 4381, 4382, 6022,
2698, 4383, 4382, 4382, 4383, 6022,
2698, 4366, 4383, 4383, 4366, 6339,
2699, 4385, 4383, 4383, 4385, 6022,
2699, 4383, 4364, 4364, 4383, 6339,
2699, 4384, 4385, 4385, 4384, 6345,
2700, 4381, 4385, 4385, 4381, 6022,
2700, 4385, 4386, 4386, 4385, 6345,
2701, 4390, 4387, 4387, 4390, 6023,
2701, 4387, 4388, 4388, 4387, 6349,
2701, 4389, 4390, 4390, 4389, 6346,
2702, 4393, 4390, 4390, 4393, 6023,
2702, 4390, 4391, 4391, 4390, 6346,
2702, 4391, 4392, 4392, 4391, 6866,
2702, 4392, 4393, 4393, 4392, 6347,
2703, 4396, 4393, 4393, 4396, 6023,
2703, 4393, 4394, 4394, 4393, 6347,
2704, 4387, 4396, 4396, 4387, 6023,
2704, 4398, 4387, 4387, 4398, 6349,
2705, 4401, 4399, 4399, 4401, 6024,
2705, 4394, 4401, 4401, 4394, 6347,
2706, 4403, 4401, 4401, 4403, 6024,
2706, 4401, 4392, 4392, 4401, 6347,
2706, 4392, 4402, 4402, 4392, 6866,
2706, 4402, 4403, 4403, 4402, 6350,
2707, 4406, 4403, 4403, 4406, 6024,
2707, 4403, 4404, 4404, 4403, 6350,
2707, 4405, 4406, 4406, 4405, 6351,
2708, 4399, 4406, 4406, 4399, 6024,
2708, 4406, 4407, 4407, 4406, 6351,
2717, 4416, 4413, 4413, 4416, 6025,
2717, 4413, 4414, 4414, 4413, 6356,
2717, 4414, 4415, 4415, 4414, 6828,
2717, 4415, 4416, 4416, 4415, 6355,
2718, 4418, 4416, 4416, 4418, 6025,
2718, 4416, 4417, 4417, 4416, 6355,
2718, 4376, 4418, 4418, 4376, 6344,
2719, 4419, 4418, 4418, 4419, 6025,
2719, 4418, 4380, 4380, 4418, 6344,
2720, 4413, 4419, 4419, 4413, 6025,
2720, 4420, 4413, 4413, 4420, 6356,
2721, 4422, 4421, 4421, 4422, 6026,
2721, 4386, 4422, 4422, 4386, 6345,
2722, 4424, 4422, 4422, 4424, 6026,
2722, 4422, 4384, 4384, 4422, 6345,
2722, 4423, 4424, 4424, 4423, 6357,
2723, 4426, 4424, 4424, 4426, 6026,
2723, 4424, 4425, 4425, 4424, 6357,
2723, 4425, 4414, 4414, 4425, 6828,
2723, 4414, 4426, 4426, 4414, 6356,
2724, 4421, 4426, 4426, 4421, 6026,
2724, 4426, 4420, 4420, 4426, 6356,
2725, 4430, 4427, 4427, 4430, 6027,
2725, 4427, 4428, 4428, 4427, 6361,
2726, 4433, 4430, 4430, 4433, 6027,
2726, 4432, 4433, 4433, 4432, 6359,
2727, 4436, 4433, 4433, 4436, 6027,
2727, 4433, 4434, 4434, 4433, 6359,
2727, 4434, 4435, 4435, 4434, 6867,
2727, 4435, 4436, 4436, 4435, 6360,
2728, 4427, 4436, 4436, 4427, 6027,
2728, 4436, 4437, 4437, 4436, 6360,
2728, 4438, 4427, 4427, 4438, 6361,
2729, 4442, 4439, 4439, 4442, 6028,
2729, 4439, 4440, 4440, 4439, 6365,
2729, 4440, 4441, 4441, 4440, 6868,
2729, 4441, 4442, 4442, 4441, 6362,
2730, 4445, 4442, 4442, 4445, 6028,
2730, 4442, 4443, 4443, 4442, 6362,
2731, 4448, 4445, 4445, 4448, 6028,
2731, 4447, 4448, 4448, 4447, 6364,
2732, 4439, 4448, 4448, 4439, 6028,
2732, 4448, 4449, 4449, 4448, 6364,
2732, 4450, 4439, 4439, 4450, 6365,
2741, 4466, 4463, 4463, 4466, 6029,
2741, 4463, 4464, 4464, 4463, 6374,
2741, 4465, 4466, 4466, 4465, 6372,
2742, 4469, 4466, 4466, 4469, 6029,
2742, 4466, 4467, 4467, 4466, 6372,
2742, 4467, 4468, 4468, 4467, 6873,
2742, 4468, 4469, 4469, 4468, 6373,
2743, 4471, 4469, 4469, 4471, 6029,
2743, 4469, 4470, 4470, 4469, 6373,
2744, 4463, 4471, 4471, 4463, 6029,
2744, 4472, 4463, 4463, 4472, 6374,
2745, 4475, 4473, 4473, 4475, 6030,
2745, 4474, 4475, 4475, 4474, 6375,
2746, 4478, 4475, 4475, 4478, 6030,
2746, 4475, 4476, 4476, 4475, 6375,
2746, 4476, 4477, 4477, 4476, 6874,
2746, 4477, 4478, 4478, 4477, 6376,
2747, 4481, 4478, 4478, 4481, 6030,
2747, 4478, 4479, 4479, 4478, 6376,
2747, 4480, 4481, 4481, 4480, 6377,
2748, 4473, 4481, 4481, 4473, 6030,
2748, 4481, 4482, 4482, 4481, 6377,
2749, 4486, 4483, 4483, 4486, 6031,
2749, 4483, 4484, 4484, 4483, 6380,
2749, 4485, 4486, 4486, 4485, 6378,
2750, 4489, 4486, 4486, 4489, 6031,
2750, 4486, 4487, 4487, 4486, 6378,
2750, 4487, 4488, 4488, 4487, 6791,
2750, 4488, 4489, 4489, 4488, 6379,
2751, 4491, 4489, 4489, 4491, 6031,
2751, 4489, 4490, 4490, 4489, 6379,
2751, 4490, 4467, 4467, 4490, 6873,
2751, 4467, 4491, 4491, 4467, 6372,
2752, 4483, 4491, 4491, 4483, 6031,
2752, 4491, 4465, 4465, 4491, 6372,
2752, 4492, 4483, 4483, 4492, 6380,
2753, 4495, 4493, 4493, 4495, 6032,
2753, 4493, 4477, 4477, 4493, 6376,
2753, 4477, 4494, 4494, 4477, 6874,
2753, 4494, 4495, 4495, 4494, 6381,
2754, 4497, 4495, 4495, 4497, 6032,
2754, 4495, 4496, 4496, 4495, 6381,
2754, 4496, 4487, 4487, 4496, 6791,
2754, 4487, 4497, 4497, 4487, 6378,
2755, 4498, 4497, 4497, 4498, 6032,
2755, 4497, 4485, 4485, 4497, 6378,
2755, 4484, 4498, 4498, 4484, 6380,
2756, 4493, 4498, 4498, 4493, 6032,
2756, 4498, 4492, 4492, 4498, 6380,
2756, 4479, 4493, 4493, 4479, 6376,
2757, 4501, 4499, 4499, 4501, 6033,
2757, 4499, 4500, 4500, 4499, 6383,
2757, 4500, 4391, 4391, 4500, 6866,
2757, 4391, 4501, 4501, 4391, 6346,
2758, 4502, 4501, 4501, 4502, 6033,
2758, 4501, 4389, 4389, 4501, 6346,
2758, 4437, 4502, 4502, 4437, 6360,
2759, 4504, 4502, 4502, 4504, 6033,
2759, 4502, 4435, 4435, 4502, 6360,
2759, 4435, 4503, 4503, 4435, 6867,
2759, 4503, 4504, 4504, 4503, 6382,
2760, 4499, 4504, 4504, 4499, 6033,
2760, 4504, 4505, 4505, 4504, 6382,
2760, 4505, 4506, 4506, 4505, 6790,
2760, 4506, 4499, 4499, 4506, 6383,
2761, 4509, 4507, 4507, 4509, 6034,
2761, 4507, 4508, 4508, 4507, 6384,
2761, 4508, 4440, 4440, 4508, 6868,
2761, 4440, 4509, 4509, 4440, 6365,
2762, 4510, 4509, 4509, 4510, 6034,
2762, 4509, 4450, 4450, 4509, 6365,
2762, 4404, 4510, 4510, 4404, 6350,
2763, 4511, 4510, 4510, 4511, 6034,
2763, 4510, 4402, 4402, 4510, 6350,
2763, 4402, 4500, 4500, 4402, 6866,
2763, 4500, 4511, 4511, 4500, 6383,
2764, 4507, 4511, 4511, 4507, 6034,
2764, 4511, 4506, 4506, 4511, 6383,
2764, 4506, 4512, 4512, 4506, 6790,
2764, 4512, 4507, 4507, 4512, 6384,
2765, 4515, 4513, 4513, 4515, 6035,
2765, 4513, 4514, 4514, 4513, 6387,
2765, 4514, 4505, 4505, 4514, 6790,
2765, 4505, 4515, 4515, 4505, 6382,
2766, 4517, 4515, 4515, 4517, 6035,
2766, 4515, 4503, 4503, 4515, 6382,
2766, 4503, 4516, 4516, 4503, 6867,
2766, 4516, 4517, 4517, 4516, 6385,
2767, 4520, 4517, 4517, 4520, 6035,
2767, 4517, 4518, 4518, 4517, 6385,
2767, 4519, 4520, 4520, 4519, 6386,
2768, 4513, 4520, 4520, 4513, 6035,
2768, 4520, 4521, 4521, 4520, 6386,
2768, 4521, 4522, 4522, 4521, 6884,
2768, 4522, 4513, 4513, 4522, 6387,
2769, 4526, 4523, 4523, 4526, 6036,
2769, 4523, 4524, 4524, 4523, 6389,
2769, 4525, 4526, 4526, 4525, 6388,
2770, 4528, 4526, 4526, 4528, 6036,
2770, 4526, 4527, 4527, 4526, 6388,
2770, 4527, 4508, 4508, 4527, 6868,
2770, 4508, 4528, 4528, 4508, 6384,
2771, 4529, 4528, 4528, 4529, 6036,
2771, 4528, 4512, 4512, 4528, 6384,
2771, 4512, 4514, 4514, 4512, 6790,
2771, 4514, 4529, 4529, 4514, 6387,
2772, 4523, 4529, 4529, 4523, 6036,
2772, 4529, 4522, 4522, 4529, 6387,
2772, 4522, 4530, 4530, 4522, 6884,
2772, 4530, 4523, 4523, 4530, 6389,
2773, 4533, 4531, 4531, 4533, 6037,
2773, 4531, 4488, 4488, 4531, 6379,
2773, 4488, 4532, 4532, 4488, 6791,
2773, 4532, 4533, 4533, 4532, 6390,
2774, 4536, 4533, 4533, 4536, 6037,
2774, 4533, 4534, 4534, 4533, 6390,
2774, 4535, 4536, 4536, 4535, 6391,
2775, 4539, 4536, 4536, 4539, 6037,
2775, 4536, 4537, 4537, 4536, 6391,
2775, 4538, 4539, 4539, 4538, 6392,
2776, 4531, 4539, 4539, 4531, 6037,
2776, 4539, 4540, 4540, 4539, 6392,
2776, 4540, 4490, 4490, 4540, 6873,
2776, 4490, 4531, 4531, 4490, 6379,
2777, 4544, 4541, 4541, 4544, 6038,
2777, 4541, 4542, 4542, 4541, 6394,
2777, 4543, 4544, 4544, 4543, 6393,
2778, 4546, 4544, 4544, 4546, 6038,
2778, 4544, 4545, 4545, 4544, 6393,
2778, 4534, 4546, 4546, 4534, 6390,
2779, 4547, 4546, 4546, 4547, 6038,
2779, 4546, 4532, 4532, 4546, 6390,
2779, 4532, 4496, 4496, 4532, 6791,
2779, 4496, 4547, 4547, 4496, 6381,
2780, 4541, 4547, 4547, 4541, 6038,
2780, 4547, 4494, 4494, 4547, 6381,
2780, 4494, 4548, 4548, 4494, 6874,
2780, 4548, 4541, 4541, 4548, 6394,
2781, 4550, 4549, 4549, 4550, 6039,
2781, 4549, 4468, 4468, 4549, 6373,
2781, 4468, 4540, 4540, 4468, 6873,
2781, 4540, 4550, 4550, 4540, 6392,
2782, 4552, 4550, 4550, 4552, 6039,
2782, 4550, 4538, 4538, 4550, 6392,
2782, 4551, 4552, 4552, 4551, 6395,
2783, 4555, 4552, 4552, 4555, 6039,
2783, 4552, 4553, 4553, 4552, 6395,
2783, 4554, 4555, 4555, 4554, 6396,
2784, 4549, 4555, 4555, 4549, 6039,
2784, 4555, 4556, 4556, 4555, 6396,
2784, 4556, 4470, 4470, 4556, 6871,
2784, 4470, 4549, 4549, 4470, 6373,
2785, 4560, 4557, 4557, 4560, 6040,
2785, 4557, 4558, 4558, 4557, 6398,
2785, 4559, 4560, 4560, 4559, 6397,
2786, 4562, 4560, 4560, 4562, 6040,
2786, 4560, 4561, 4561, 4560, 6397,
2786, 4542, 4562, 4562, 4542, 6394,
2787, 4563, 4562, 4562, 4563, 6040,
2787, 4562, 4548, 4548, 4562, 6394,
2787, 4548, 4476, 4476, 4548, 6874,
2787, 4476, 4563, 4563, 4476, 6375,
2788, 4557, 4563, 4563, 4557, 6040,
2788, 4563, 4474, 4474, 4563, 6375,
2788, 4474, 4564, 4564, 4474, 6872,
2788, 4564, 4557, 4557, 4564, 6398,
2789, 4566, 4565, 4565, 4566, 6041,
2789, 4556, 4566, 4566, 4556, 6396,
2790, 4568, 4566, 4566, 4568, 6041,
2790, 4566, 4554, 4554, 4566, 6396,
2790, 4567, 4568, 4568, 4567, 6399,
2791, 4571, 4568, 4568, 4571, 6041,
2791, 4568, 4569, 4569, 4568, 6399,
2791, 4569, 4570, 4570, 4569, 6880,
2791, 4570, 4571, 4571, 4570, 6400,
2792, 4565, 4571, 4571, 4565, 6041,
2792, 4571, 4572, 4572, 4571, 6400,
2793, 4576, 4573, 4573, 4576, 6042,
2793, 4573, 4574, 4574, 4573, 6402,
2793, 4574, 4575, 4575, 4574, 6881,
2793, 4575, 4576, 4576, 4575, 6401,
2794, 4578, 4576, 4576, 4578, 6042,
2794, 4576, 4577, 4577, 4576, 6401,
2794, 4558, 4578, 4578, 4558, 6398,
2795, 4579, 4578, 4578, 4579, 6042,
2795, 4578, 4564, 4564, 4578, 6398,
2796, 4573, 4579, 4579, 4573, 6042,
2796, 4580, 4573, 4573, 4580, 6402,
2797, 4582, 4581, 4581, 4582, 6043,
2797, 4581, 4432, 4432, 4581, 6359,
2797, 4432, 4572, 4572, 4432, 6869,
2797, 4572, 4582, 4582, 4572, 6400,
2798, 4584, 4582, 4582, 4584, 6043,
2798, 4582, 4570, 4570, 4582, 6400,
2798, 4570, 4583, 4583, 4570, 6880,
2798, 4583, 4584, 4584, 4583, 6403,
2799, 4586, 4584, 4584, 4586, 6043,
2799, 4584, 4585, 4585, 4584, 6403,
2799, 4518, 4586, 4586, 4518, 6385,
2800, 4581, 4586, 4586, 4581, 6043,
2800, 4586, 4516, 4516, 4586, 6385,
2800, 4516, 4434, 4434, 4516, 6867,
2800, 4434, 4581, 4581, 4434, 6359,
2801, 4589, 4587, 4587, 4589, 6044,
2801, 4587, 4525, 4525, 4587, 6388,
2801, 4588, 4589, 4589, 4588, 6404,
2802, 4591, 4589, 4589, 4591, 6044,
2802, 4589, 4590, 4590, 4589, 6404,
2802, 4590, 4574, 4574, 4590, 6881,
2802, 4574, 4591, 4591, 4574, 6402,
2803, 4592, 4591, 4591, 4592, 6044,
2803, 4591, 4580, 4580, 4591, 6402,
2803, 4580, 4443, 4443, 4580, 6870,
2803, 4443, 4592, 4592, 4443, 6362,
2804, 4587, 4592, 4592, 4587, 6044,
2804, 4592, 4441, 4441, 4592, 6362,
2804, 4441, 4527, 4527, 4441, 6868,
2804, 4527, 4587, 4587, 4527, 6388,
2805, 4595, 4593, 4593, 4595, 6045,
2805, 4593, 4535, 4535, 4593, 6391,
2805, 4594, 4595, 4595, 4594, 6405,
2806, 4597, 4595, 4595, 4597, 6045,
2806, 4595, 4596, 4596, 4595, 6405,
2806, 4596, 4569, 4569, 4596, 6880,
2806, 4569, 4597, 4597, 4569, 6399,
2807, 4598, 4597, 4597, 4598, 6045,
2807, 4597, 4567, 4567, 4597, 6399,
2807, 4553, 4598, 4598, 4553, 6395,
2808, 4593, 4598, 4598, 4593, 6045,
2808, 4598, 4551, 4551, 4598, 6395,
2808, 4537, 4593, 4593, 4537, 6391,
2809, 4600, 4599, 4599, 4600, 6046,
2809, 4599, 4559, 4559, 4599, 6397,
2809, 4577, 4600, 4600, 4577, 6401,
2810, 4602, 4600, 4600, 4602, 6046,
2810, 4600, 4575, 4575, 4600, 6401,
2810, 4575, 4601, 4601, 4575, 6881,
2810, 4601, 4602, 4602, 4601, 6406,
2811, 4604, 4602, 4602, 4604, 6046,
2811, 4602, 4603, 4603, 4602, 6406,
2811, 4545, 4604, 4604, 4545, 6393,
2812, 4599, 4604, 4604, 4599, 6046,
2812, 4604, 4543, 4543, 4604, 6393,
2812, 4561, 4599, 4599, 4561, 6397,
2813, 4607, 4605, 4605, 4607, 6047,
2813, 4605, 4594, 4594, 4605, 6405,
2813, 4606, 4607, 4607, 4606, 6407,
2814, 4609, 4607, 4607, 4609, 6047,
2814, 4607, 4608, 4608, 4607, 6407,
2814, 4608, 4521, 4521, 4608, 6884,
2814, 4521, 4609, 4609, 4521, 6386,
2815, 4610, 4609, 4609, 4610, 6047,
2815, 4609, 4519, 4519, 4609, 6386,
2815, 4585, 4610, 4610, 4585, 6403,
2816, 4605, 4610, 4610, 4605, 6047,
2816, 4610, 4583, 4583, 4610, 6403,
2816, 4583, 4596, 4596, 4583, 6880,
2816, 4596, 4605, 4605, 4596, 6405,
2817, 4612, 4611, 4611, 4612, 6048,
2817, 4611, 4588, 4588, 4611, 6404,
2817, 4524, 4612, 4612, 4524, 6389,
2818, 4613, 4612, 4612, 4613, 6048,
2818, 4612, 4530, 4530, 4612, 6389,
2818, 4530, 4608, 4608, 4530, 6884,
2818, 4608, 4613, 4613, 4608, 6407,
2819, 4614, 4613, 4613, 4614, 6048,
2819, 4613, 4606, 4606, 4613, 6407,
2819, 4603, 4614, 4614, 4603, 6406,
2820, 4611, 4614, 4614, 4611, 6048,
2820, 4614, 4601, 4601, 4614, 6406,
2820, 4601, 4590, 4590, 4601, 6881,
2820, 4590, 4611, 4611, 4590, 6404,
2821, 4617, 4615, 4615, 4617, 6049,
2821, 4615, 4616, 4616, 4615, 6409,
2821, 4464, 4617, 4617, 4464, 6374,
2822, 4619, 4617, 4617, 4619, 6049,
2822, 4617, 4472, 4472, 4617, 6374,
2822, 4472, 4618, 4618, 4472, 6835,
2822, 4618, 4619, 4619, 4618, 6408,
2823, 4621, 4619, 4619, 4621, 6049,
2823, 4619, 4620, 4620, 4619, 6408,
2823, 4288, 4621, 4621, 4288, 6318,
2824, 4615, 4621, 4621, 4615, 6049,
2824, 4621, 4286, 4286, 4621, 6318,
2824, 4622, 4615, 4615, 4622, 6409,
2825, 4625, 4623, 4623, 4625, 6050,
2825, 4623, 4298, 4298, 4623, 6321,
2825, 4624, 4625, 4625, 4624, 6410,
2826, 4627, 4625, 4625, 4627, 6050,
2826, 4625, 4626, 4626, 4625, 6410,
2826, 4626, 4482, 4482, 4626, 6836,
2826, 4482, 4627, 4627, 4482, 6377,
2827, 4628, 4627, 4627, 4628, 6050,
2827, 4627, 4480, 4480, 4627, 6377,
2827, 4616, 4628, 4628, 4616, 6409,
2828, 4623, 4628, 4628, 4623, 6050,
2828, 4628, 4622, 4622, 4628, 6409,
2828, 4290, 4623, 4623, 4290, 6321,
2829, 4630, 4629, 4629, 4630, 6051,
2829, 4629, 4618, 4618, 4629, 6408,
2830, 4632, 4630, 4630, 4632, 6051,
2830, 4631, 4632, 4632, 4631, 6411,
2831, 4635, 4632, 4632, 4635, 6051,
2831, 4632, 4633, 4633, 4632, 6411,
2831, 4633, 4634, 4634, 4633, 6887,
2831, 4634, 4635, 4635, 4634, 6412,
2832, 4629, 4635, 4635, 4629, 6051,
2832, 4635, 4636, 4636, 4635, 6412,
2832, 4620, 4629, 4629, 4620, 6408,
2833, 4640, 4637, 4637, 4640, 6052,
2833, 4637, 4638, 4638, 4637, 6414,
2833, 4638, 4639, 4639, 4638, 6888,
2833, 4639, 4640, 4640, 4639, 6413,
2834, 4642, 4640, 4640, 4642, 6052,
2834, 4640, 4641, 4641, 4640, 6413,
2835, 4643, 4642, 4642, 4643, 6052,
2835, 4626, 4643, 4643, 4626, 6410,
2836, 4637, 4643, 4643, 4637, 6052,
2836, 4643, 4624, 4624, 4643, 6410,
2836, 4644, 4637, 4637, 4644, 6414,
2837, 4646, 4645, 4645, 4646, 6053,
2837, 4645, 4631, 4631, 4645, 6411,
2837, 4631, 4428, 4428, 4631, 6837,
2837, 4428, 4646, 4646, 4428, 6361,
2838, 4648, 4646, 4646, 4648, 6053,
2838, 4646, 4438, 4438, 4646, 6361,
2838, 4647, 4648, 4648, 4647, 6415,
2839, 4651, 4648, 4648, 4651, 6053,
2839, 4648, 4649, 4649, 4648, 6415,
2840, 4645, 4651, 4651, 4645, 6053,
2840, 4633, 4645, 4645, 4633, 6411,
2841, 4656, 4653, 4653, 4656, 6054,
2841, 4655, 4656, 4656, 4655, 6417,
2842, 4658, 4656, 4656, 4658, 6054,
2842, 4656, 4657, 4657, 4656, 6417,
2842, 4449, 4658, 4658, 4449, 6364,
2843, 4659, 4658, 4658, 4659, 6054,
2843, 4658, 4447, 4447, 4658, 6364,
2843, 4447, 4641, 4641, 4447, 6838,
2843, 4641, 4659, 4659, 4641, 6413,
2844, 4653, 4659, 4659, 4653, 6054,
2844, 4659, 4639, 4639, 4659, 6413,
2845, 4662, 4661, 4661, 4662, 6055,
2845, 4661, 4647, 4647, 4661, 6415,
2845, 4388, 4662, 4662, 4388, 6349,
2846, 4663, 4662, 4662, 4663, 6055,
2846, 4662, 4398, 4398, 4662, 6349,
2847, 4665, 4663, 4663, 4665, 6055,
2848, 4661, 4665, 4665, 4661, 6055,
2848, 4649, 4661, 4661, 4649, 6415,
2849, 4669, 4667, 4667, 4669, 6056,
2850, 4670, 4669, 4669, 4670, 6056,
2850, 4407, 4670, 4670, 4407, 6351,
2851, 4671, 4670, 4670, 4671, 6056,
2851, 4670, 4405, 4405, 4670, 6351,
2851, 4657, 4671, 4671, 4657, 6417,
2852, 4667, 4671, 4671, 4667, 6056,
2852, 4671, 4655, 4655, 4671, 6417,
2869, 4687, 4685, 4685, 4687, 6057,
2869, 4685, 4686, 4686, 4685, 6427,
2869, 4686, 4190, 4190, 4686, 6796,
2869, 4190, 4687, 4687, 4190, 6286,
2870, 4688, 4687, 4687, 4688, 6057,
2870, 4687, 4200, 4200, 4687, 6286,
2870, 4636, 4688, 4688, 4636, 6412,
2871, 4689, 4688, 4688, 4689, 6057,
2871, 4688, 4634, 4634, 4688, 6412,
2872, 4685, 4689, 4689, 4685, 6057,
2872, 4690, 4685, 4685, 4690, 6427,
2873, 4692, 4691, 4691, 4692, 6058,
2873, 4638, 4692, 4692, 4638, 6414,
2874, 4693, 4692, 4692, 4693, 6058,
2874, 4692, 4644, 4644, 4692, 6414,
2874, 4211, 4693, 4693, 4211, 6289,
2875, 4695, 4693, 4693, 4695, 6058,
2875, 4693, 4209, 4209, 4693, 6289,
2875, 4209, 4694, 4694, 4209, 6797,
2875, 4694, 4695, 4695, 4694, 6428,
2876, 4691, 4695, 4695, 4691, 6058,
2876, 4695, 4696, 4696, 4695, 6428,
2877, 4699, 4697, 4697, 4699, 6059,
2877, 4697, 4698, 4698, 4697, 6431,
2877, 4417, 4699, 4699, 4417, 6355,
2878, 4701, 4699, 4699, 4701, 6059,
2878, 4699, 4415, 4415, 4699, 6355,
2878, 4415, 4700, 4700, 4415, 6828,
2878, 4700, 4701, 4701, 4700, 6429,
2879, 4704, 4701, 4701, 4704, 6059,
2879, 4701, 4702, 4702, 4701, 6429,
2880, 4697, 4704, 4704, 4697, 6059,
2880, 4706, 4697, 4697, 4706, 6431,
2881, 4709, 4707, 4707, 4709, 6060,
2881, 4702, 4709, 4709, 4702, 6429,
2882, 4710, 4709, 4709, 4710, 6060,
2882, 4709, 4700, 4700, 4709, 6429,
2882, 4700, 4425, 4425, 4700, 6828,
2882, 4425, 4710, 4710, 4425, 6357,
2883, 4712, 4710, 4710, 4712, 6060,
2883, 4710, 4423, 4423, 4710, 6357,
2883, 4711, 4712, 4712, 4711, 6432,
2884, 4707, 4712, 4712, 4707, 6060,
2884, 4712, 4713, 4713, 4712, 6432,
2885, 4717, 4715, 4715, 4717, 6061,
2885, 4355, 4717, 4717, 4355, 6336,
2886, 4718, 4717, 4717, 4718, 6061,
2886, 4717, 4353, 4353, 4717, 6336,
2886, 4698, 4718, 4718, 4698, 6431,
2887, 4720, 4718, 4718, 4720, 6061,
2887, 4718, 4706, 4706, 4718, 6431,
2887, 4706, 4719, 4719, 4706, 6897,
2887, 4719, 4720, 4720, 4719, 6434,
2888, 4715, 4720, 4720, 4715, 6061,
2888, 4720, 4721, 4721, 4720, 6434,
2889, 4725, 4723, 4723, 4725, 6062,
2889, 4723, 4724, 4724, 4723, 6437,
2889, 4724, 4713, 4713, 4724, 6898,
2889, 4713, 4725, 4725, 4713, 6432,
2890, 4726, 4725, 4725, 4726, 6062,
2890, 4725, 4711, 4711, 4725, 6432,
2890, 4363, 4726, 4726, 4363, 6338,
2891, 4728, 4726, 4726, 4728, 6062,
2891, 4726, 4361, 4361, 4726, 6338,
2892, 4723, 4728, 4728, 4723, 6062,
2892, 4730, 4723, 4723, 4730, 6437,
2911, 4737, 4738, 4738, 4737, 6903,
2913, 4741, 4742, 4742, 4741, 6904,
2917, 4746, 4745, 4745, 4746, 6065,
2918, 4748, 4746, 4746, 4748, 6065,
2918, 4747, 4748, 4748, 4747, 6444,
2919, 4751, 4748, 4748, 4751, 6065,
2919, 4748, 4749, 4749, 4748, 6444,
2919, 4750, 4751, 4751, 4750, 6445,
2920, 4745, 4751, 4751, 4745, 6065,
2920, 4751, 4752, 4752, 4751, 6445,
2920, 4752, 4737, 4737, 4752, 6903,
2920, 4737, 4745, 4745, 4737, 6440,
2921, 4756, 4753, 4753, 4756, 6066,
2921, 4753, 4754, 4754, 4753, 6447,
2921, 4755, 4756, 4756, 4755, 6446,
2922, 4758, 4756, 4756, 4758, 6066,
2922, 4756, 4757, 4757, 4756, 6446,
2923, 4759, 4758, 4758, 4759, 6066,
2924, 4753, 4759, 4759, 4753, 6066,
2924, 4759, 4742, 4742, 4759, 6442,
2924, 4742, 4760, 4760, 4742, 6904,
2924, 4760, 4753, 4753, 4760, 6447,
2925, 4762, 4761, 4761, 4762, 6067,
2925, 4761, 4747, 4747, 4761, 6444,
2925, 4747, 4721, 4721, 4747, 6895,
2925, 4721, 4762, 4762, 4721, 6434,
2926, 4764, 4762, 4762, 4764, 6067,
2926, 4762, 4719, 4719, 4762, 6434,
2927, 4767, 4764, 4764, 4767, 6067,
2927, 4764, 4765, 4765, 4764, 6448,
2927, 4765, 4766, 4766, 4765, 6899,
2927, 4766, 4767, 4767, 4766, 6449,
2928, 4761, 4767, 4767, 4761, 6067,
2928, 4767, 4768, 4768, 4767, 6449,
2928, 4749, 4761, 4761, 4749, 6444,
2929, 4772, 4769, 4769, 4772, 6068,
2929, 4769, 4770, 4770, 4769, 6451,
2929, 4770, 4771, 4771, 4770, 6900,
2929, 4771, 4772, 4772, 4771, 6450,
2930, 4774, 4772, 4772, 4774, 6068,
2930, 4724, 4774, 4774, 4724, 6437,
2931, 4775, 4774, 4774, 4775, 6068,
2931, 4774, 4730, 4730, 4774, 6437,
2931, 4730, 4757, 4757, 4730, 6896,
2931, 4757, 4775, 4775, 4757, 6446,
2932, 4769, 4775, 4775, 4769, 6068,
2932, 4775, 4755, 4755, 4775, 6446,
2932, 4776, 4769, 4769, 4776, 6451,
2936, 4779, 4765, 4765, 4779, 6899,
2940, 4771, 4782, 4782, 4771, 6900,
2943, 4738, 4785, 4785, 4738, 6903,
2943, 4785, 4786, 4786, 4785, 6454,
2944, 4786, 4787, 4787, 4786, 6454,
2944, 4787, 4779, 4779, 4787, 6899,
2945, 4788, 4789, 4789, 4788, 6455,
2945, 4789, 4741, 4741, 4789, 6904,
2948, 4782, 4792, 4792, 4782, 6900,
2948, 4792, 4788, 4788, 4792, 6455,
2949, 4793, 4766, 4766, 4793, 6449,
2949, 4766, 4787, 4787, 4766, 6899,
2949, 4787, 4794, 4794, 4787, 6454,
2950, 4794, 4785, 4785, 4794, 6454,
2950, 4785, 4752, 4752, 4785, 6903,
2950, 4752, 4795, 4795, 4752, 6445,
2951, 4795, 4750, 4750, 4795, 6445,
2951, 4768, 4793, 4793, 4768, 6449,
2952, 4796, 4776, 4776, 4796, 6451,
2952, 4754, 4797, 4797, 4754, 6447,
2953, 4797, 4760, 4760, 4797, 6447,
2953, 4760, 4789, 4789, 4760, 6904,
2953, 4789, 4798, 4798, 4789, 6455,
2954, 4798, 4792, 4792, 4798, 6455,
2954, 4792, 4770, 4770, 4792, 6900,
2954, 4770, 4796, 4796, 4770, 6451,
3011, 4801, 4799, 4799, 4801, 6075,
3011, 4799, 4800, 4800, 4799, 6458,
3011, 4800, 4240, 4240, 4800, 6787,
3011, 4240, 4801, 4801, 4240, 6303,
3012, 4803, 4801, 4801, 4803, 6075,
3012, 4801, 4238, 4238, 4801, 6303,
3012, 4238, 4802, 4802, 4238, 6818,
3012, 4802, 4803, 4803, 4802, 6456,
3013, 4806, 4803, 4803, 4806, 6075,
3013, 4803, 4804, 4804, 4803, 6456,
3013, 4805, 4806, 4806, 4805, 6457,
3014, 4799, 4806, 4806, 4799, 6075,
3014, 4806, 4807, 4807, 4806, 6457,
3014, 4807, 4808, 4808, 4807, 6793,
3014, 4808, 4799, 4799, 4808, 6458,
3015, 4812, 4809, 4809, 4812, 6076,
3015, 4809, 4810, 4810, 4809, 6460,
3015, 4811, 4812, 4812, 4811, 6459,
3016, 4814, 4812, 4812, 4814, 6076,
3016, 4812, 4813, 4813, 4812, 6459,
3016, 4813, 4252, 4252, 4813, 6819,
3016, 4252, 4814, 4814, 4252, 6306,
3017, 4815, 4814, 4814, 4815, 6076,
3017, 4814, 4250, 4250, 4814, 6306,
3017, 4250, 4800, 4800, 4250, 6787,
3017, 4800, 4815, 4815, 4800, 6458,
3018, 4809, 4815, 4815, 4809, 6076,
3018, 4815, 4808, 4808, 4815, 6458,
3018, 4808, 4816, 4816, 4808, 6793,
3018, 4816, 4809, 4809, 4816, 6460,
3019, 4818, 4817, 4817, 4818, 6077,
3019, 4817, 4802, 4802, 4817, 6456,
3020, 4820, 4818, 4818, 4820, 6077,
3020, 4819, 4820, 4820, 4819, 6461,
3021, 4823, 4820, 4820, 4823, 6077,
3021, 4820, 4821, 4821, 4820, 6461,
3021, 4822, 4823, 4823, 4822, 6462,
3022, 4817, 4823, 4823, 4817, 6077,
3022, 4823, 4824, 4824, 4823, 6462,
3022, 4804, 4817, 4817, 4804, 6456,
3023, 4828, 4825, 4825, 4828, 6078,
3023, 4825, 4826, 4826, 4825, 6464,
3023, 4827, 4828, 4828, 4827, 6463,
3024, 4830, 4828, 4828, 4830, 6078,
3024, 4828, 4829, 4829, 4828, 6463,
3025, 4831, 4830, 4830, 4831, 6078,
3025, 4813, 4831, 4831, 4813, 6459,
3026, 4825, 4831, 4831, 4825, 6078,
3026, 4831, 4811, 4811, 4831, 6459,
3026, 4832, 4825, 4825, 4832, 6464,
3027, 4834, 4833, 4833, 4834, 6079,
3027, 4833, 4819, 4819, 4833, 6461,
3028, 4836, 4834, 4834, 4836, 6079,
3028, 4835, 4836, 4836, 4835, 6465,
3029, 4839, 4836, 4836, 4839, 6079,
3029, 4836, 4837, 4837, 4836, 6465,
3029, 4838, 4839, 4839, 4838, 6466,
3030, 4833, 4839, 4839, 4833, 6079,
3030, 4839, 4840, 4840, 4839, 6466,
3030, 4821, 4833, 4833, 4821, 6461,
3031, 4844, 4841, 4841, 4844, 6080,
3031, 4841, 4842, 4842, 4841, 6468,
3031, 4843, 4844, 4844, 4843, 6467,
3032, 4846, 4844, 4844, 4846, 6080,
3032, 4844, 4845, 4845, 4844, 6467,
3033, 4847, 4846, 4846, 4847, 6080,
3033, 4829, 4847, 4847, 4829, 6463,
3034, 4841, 4847, 4847, 4841, 6080,
3034, 4847, 4827, 4827, 4847, 6463,
3034, 4848, 4841, 4841, 4848, 6468,
3035, 4850, 4849, 4849, 4850, 6081,
3035, 4849, 4835, 4835, 4849, 6465,
3036, 4852, 4850, 4850, 4852, 6081,
3036, 4851, 4852, 4852, 4851, 6469,
3037, 4855, 4852, 4852, 4855, 6081,
3037, 4852, 4853, 4853, 4852, 6469,
3037, 4854, 4855, 4855, 4854, 6470,
3038, 4849, 4855, 4855, 4849, 6081,
3038, 4855, 4856, 4856, 4855, 6470,
3038, 4837, 4849, 4849, 4837, 6465,
3039, 4860, 4857, 4857, 4860, 6082,
3039, 4857, 4858, 4858, 4857, 6472,
3039, 4859, 4860, 4860, 4859, 6471,
3040, 4862, 4860, 4860, 4862, 6082,
3040, 4860, 4861, 4861, 4860, 6471,
3041, 4863, 4862, 4862, 4863, 6082,
3041, 4845, 4863, 4863, 4845, 6467,
3042, 4857, 4863, 4863, 4857, 6082,
3042, 4863, 4843, 4843, 4863, 6467,
3042, 4864, 4857, 4857, 4864, 6472,
3043, 4866, 4865, 4865, 4866, 6083,
3043, 4865, 4851, 4851, 4865, 6469,
3044, 4868, 4866, 4866, 4868, 6083,
3045, 4871, 4868, 4868, 4871, 6083,
3045, 4870, 4871, 4871, 4870, 6474,
3046, 4865, 4871, 4871, 4865, 6083,
3046, 4871, 4872, 4872, 4871, 6474,
3046, 4853, 4865, 4865, 4853, 6469,
3047, 4876, 4873, 4873, 4876, 6084,
3047, 4873, 4874, 4874, 4873, 6476,
3048, 4878, 4876, 4876, 4878, 6084,
3049, 4879, 4878, 4878, 4879, 6084,
3049, 4861, 4879, 4879, 4861, 6471,
3050, 4873, 4879, 4879, 4873, 6084,
3050, 4879, 4859, 4859, 4879, 6471,
3050, 4880, 4873, 4873, 4880, 6476,
3075, 4890, 4889, 4889, 4890, 6085,
3076, 4892, 4890, 4890, 4892, 6085,
3076, 4891, 4892, 4892, 4891, 6481,
3077, 4895, 4892, 4892, 4895, 6085,
3077, 4892, 4893, 4893, 4892, 6481,
3077, 4894, 4895, 4895, 4894, 6482,
3078, 4889, 4895, 4895, 4889, 6085,
3078, 4895, 4896, 4896, 4895, 6482,
3079, 4900, 4897, 4897, 4900, 6086,
3079, 4897, 4898, 4898, 4897, 6484,
3079, 4899, 4900, 4900, 4899, 6483,
3080, 4902, 4900, 4900, 4902, 6086,
3080, 4900, 4901, 4901, 4900, 6483,
3081, 4903, 4902, 4902, 4903, 6086,
3082, 4897, 4903, 4903, 4897, 6086,
3082, 4904, 4897, 4897, 4904, 6484,
3115, 4919, 4917, 4917, 4919, 6087,
3115, 4917, 4918, 4918, 4917, 6492,
3116, 4920, 4919, 4919, 4920, 6087,
3117, 4922, 4920, 4920, 4922, 6087,
3117, 4921, 4922, 4922, 4921, 6491,
3118, 4917, 4922, 4922, 4917, 6087,
3118, 4922, 4923, 4923, 4922, 6491,
3118, 4924, 4917, 4917, 4924, 6492,
3119, 4927, 4925, 4925, 4927, 6088,
3119, 4925, 4926, 4926, 4925, 6494,
3120, 4928, 4927, 4927, 4928, 6088,
3121, 4930, 4928, 4928, 4930, 6088,
3121, 4929, 4930, 4930, 4929, 6493,
3122, 4925, 4930, 4930, 4925, 6088,
3122, 4930, 4931, 4931, 4930, 6493,
3122, 4932, 4925, 4925, 4932, 6494,
3123, 4935, 4933, 4933, 4935, 6089,
3124, 4936, 4935, 4935, 4936, 6089,
3124, 4918, 4936, 4936, 4918, 6492,
3125, 4938, 4936, 4936, 4938, 6089,
3125, 4936, 4924, 4924, 4936, 6492,
3125, 4937, 4938, 4938, 4937, 6495,
3126, 4933, 4938, 4938, 4933, 6089,
3126, 4938, 4939, 4939, 4938, 6495,
3127, 4943, 4941, 4941, 4943, 6090,
3127, 4941, 4942, 4942, 4941, 6498,
3127, 4931, 4943, 4943, 4931, 6493,
3128, 4944, 4943, 4943, 4944, 6090,
3128, 4943, 4929, 4929, 4943, 6493,
3129, 4946, 4944, 4944, 4946, 6090,
3130, 4941, 4946, 4946, 4941, 6090,
3130, 4948, 4941, 4941, 4948, 6498,
3147, 4954, 4953, 4953, 4954, 6091,
3147, 4939, 4954, 4954, 4939, 6495,
3148, 4955, 4954, 4954, 4955, 6091,
3148, 4954, 4937, 4937, 4954, 6495,
3148, 4923, 4955, 4955, 4923, 6491,
3149, 4956, 4955, 4955, 4956, 6091,
3149, 4955, 4921, 4921, 4955, 6491,
3150, 4953, 4956, 4956, 4953, 6091,
3151, 4958, 4957, 4957, 4958, 6092,
3151, 4926, 4958, 4958, 4926, 6494,
3152, 4959, 4958, 4958, 4959, 6092,
3152, 4958, 4932, 4932, 4958, 6494,
3152, 4942, 4959, 4959, 4942, 6498,
3153, 4960, 4959, 4959, 4960, 6092,
3153, 4959, 4948, 4948, 4959, 6498,
3154, 4957, 4960, 4960, 4957, 6092,
3171, 4971, 4969, 4969, 4971, 6093,
3171, 4970, 4971, 4971, 4970, 6505,
3172, 4974, 4971, 4971, 4974, 6093,
3172, 4971, 4972, 4972, 4971, 6505,
3172, 4973, 4974, 4974, 4973, 6506,
3173, 4977, 4974, 4974, 4977, 6093,
3173, 4974, 4975, 4975, 4974, 6506,
3173, 4975, 4976, 4976, 4975, 6954,
3173, 4976, 4977, 4977, 4976, 6507,
3174, 4969, 4977, 4977, 4969, 6093,
3174, 4977, 4978, 4978, 4977, 6507,
3175, 4982, 4979, 4979, 4982, 6094,
3175, 4979, 4980, 4980, 4979, 6510,
3175, 4980, 4981, 4981, 4980, 6955,
3175, 4981, 4982, 4982, 4981, 6508,
3176, 4985, 4982, 4982, 4985, 6094,
3176, 4982, 4983, 4983, 4982, 6508,
3176, 4984, 4985, 4985, 4984, 6509,
3177, 4987, 4985, 4985, 4987, 6094,
3177, 4985, 4986, 4986, 4985, 6509,
3178, 4979, 4987, 4987, 4979, 6094,
3178, 4988, 4979, 4979, 4988, 6510,
3179, 4990, 4989, 4989, 4990, 6095,
3180, 4992, 4990, 4990, 4992, 6095,
3180, 4991, 4992, 4992, 4991, 6511,
3181, 4994, 4992, 4992, 4994, 6095,
3181, 4992, 4993, 4993, 4992, 6511,
3181, 4972, 4994, 4994, 4972, 6505,
3182, 4989, 4994, 4994, 4989, 6095,
3182, 4994, 4970, 4970, 4994, 6505,
3183, 4997, 4995, 4995, 4997, 6096,
3183, 4995, 4984, 4984, 4995, 6509,
3183, 4996, 4997, 4997, 4996, 6512,
3184, 4999, 4997, 4997, 4999, 6096,
3184, 4997, 4998, 4998, 4997, 6512,
3185, 5000, 4999, 4999, 5000, 6096,
3186, 4995, 5000, 5000, 4995, 6096,
3186, 4986, 4995, 4995, 4986, 6509,
3187, 5003, 5001, 5001, 5003, 6097,
3187, 5001, 5002, 5002, 5001, 6514,
3187, 5002, 4686, 4686, 5002, 6796,
3187, 4686, 5003, 5003, 4686, 6427,
3188, 5004, 5003, 5003, 5004, 6097,
3188, 5003, 4690, 4690, 5003, 6427,
3188, 4690, 4978, 4978, 4690, 6891,
3188, 4978, 5004, 5004, 4978, 6507,
3189, 5006, 5004, 5004, 5006, 6097,
3189, 5004, 4976, 4976, 5004, 6507,
3189, 4976, 5005, 5005, 4976, 6954,
3189, 5005, 5006, 5006, 5005, 6513,
3190, 5001, 5006, 5006, 5001, 6097,
3190, 5006, 5007, 5007, 5006, 6513,
3190, 5008, 5001, 5001, 5008, 6514,
3191, 5011, 5009, 5009, 5011, 6098,
3191, 5009, 5010, 5010, 5009, 6516,
3191, 5010, 4980, 4980, 5010, 6955,
3191, 4980, 5011, 5011, 4980, 6510,
3192, 5012, 5011, 5011, 5012, 6098,
3192, 5011, 4988, 4988, 5011, 6510,
3192, 4988, 4696, 4696, 4988, 6892,
3192, 4696, 5012, 5012, 4696, 6428,
3193, 5014, 5012, 5012, 5014, 6098,
3193, 5012, 4694, 4694, 5012, 6428,
3193, 4694, 5013, 5013, 4694, 6797,
3193, 5013, 5014, 5014, 5013, 6515,
3194, 5009, 5014, 5014, 5009, 6098,
3194, 5014, 5015, 5015, 5014, 6515,
3194, 5016, 5009, 5009, 5016, 6516,
3195, 5018, 5017, 5017, 5018, 6099,
3195, 5017, 4191, 4191, 5017, 6283,
3195, 4191, 5002, 5002, 4191, 6796,
3195, 5002, 5018, 5018, 5002, 6514,
3196, 5020, 5018, 5018, 5020, 6099,
3196, 5018, 5008, 5008, 5018, 6514,
3196, 5019, 5020, 5020, 5019, 6517,
3197, 5022, 5020, 5020, 5022, 6099,
3197, 5020, 5021, 5021, 5020, 6517,
3197, 4893, 5022, 5022, 4893, 6481,
3198, 5017, 5022, 5022, 5017, 6099,
3198, 5022, 4891, 4891, 5022, 6481,
3198, 4891, 4193, 4193, 4891, 6806,
3198, 4193, 5017, 5017, 4193, 6283,
3199, 5025, 5023, 5023, 5025, 6100,
3199, 5023, 4899, 4899, 5023, 6483,
3199, 5024, 5025, 5025, 5024, 6518,
3200, 5027, 5025, 5025, 5027, 6100,
3200, 5025, 5026, 5026, 5025, 6518,
3200, 5015, 5027, 5027, 5015, 6515,
3201, 5028, 5027, 5027, 5028, 6100,
3201, 5027, 5013, 5013, 5027, 6515,
3201, 5013, 4208, 4208, 5013, 6797,
3201, 4208, 5028, 5028, 4208, 6288,
3202, 5023, 5028, 5028, 5023, 6100,
3202, 5028, 4206, 4206, 5028, 6288,
3202, 4206, 4901, 4901, 4206, 6807,
3202, 4901, 5023, 5023, 4901, 6483,
3204, 5030, 5031, 5031, 5030, 6938,
3204, 5031, 5032, 5032, 5031, 6520,
3205, 5032, 5033, 5033, 5032, 6520,
3205, 5033, 5034, 5034, 5033, 6962,
3207, 5037, 5038, 5038, 5037, 6963,
3207, 5038, 5039, 5039, 5038, 6522,
3208, 5039, 5040, 5040, 5039, 6522,
3208, 5040, 5041, 5041, 5040, 6939,
3212, 5034, 5044, 5044, 5034, 6962,
3216, 5052, 5037, 5037, 5052, 6963,
3219, 5057, 5055, 5055, 5057, 6105,
3219, 5055, 5056, 5056, 5055, 6531,
3220, 5059, 5057, 5057, 5059, 6105,
3220, 5058, 5059, 5059, 5058, 6529,
3221, 5062, 5059, 5059, 5062, 6105,
3221, 5059, 5060, 5060, 5059, 6529,
3221, 5061, 5062, 5062, 5061, 6530,
3222, 5055, 5062, 5062, 5055, 6105,
3222, 5062, 5063, 5063, 5062, 6530,
3222, 5063, 5064, 5064, 5063, 6922,
3222, 5064, 5055, 5055, 5064, 6531,
3223, 5068, 5065, 5065, 5068, 6106,
3223, 5065, 5066, 5066, 5065, 6533,
3223, 5067, 5068, 5068, 5067, 6532,
3224, 5070, 5068, 5068, 5070, 6106,
3224, 5068, 5069, 5069, 5068, 6532,
3225, 5071, 5070, 5070, 5071, 6106,
3225, 5056, 5071, 5071, 5056, 6531,
3226, 5065, 5071, 5071, 5065, 6106,
3226, 5071, 5064, 5064, 5071, 6531,
3226, 5064, 5072, 5072, 5064, 6922,
3226, 5072, 5065, 5065, 5072, 6533,
3227, 5075, 5073, 5073, 5075, 6107,
3227, 5073, 5074, 5074, 5073, 6535,
3227, 5074, 5063, 5063, 5074, 6922,
3227, 5063, 5075, 5075, 5063, 6530,
3228, 5077, 5075, 5075, 5077, 6107,
3228, 5075, 5061, 5061, 5075, 6530,
3228, 5076, 5077, 5077, 5076, 6534,
3229, 5079, 5077, 5077, 5079, 6107,
3229, 5077, 5078, 5078, 5077, 6534,
3230, 5073, 5079, 5079, 5073, 6107,
3230, 5080, 5073, 5073, 5080, 6535,
3231, 5083, 5081, 5081, 5083, 6108,
3231, 5082, 5083, 5083, 5082, 6536,
3232, 5085, 5083, 5083, 5085, 6108,
3232, 5083, 5084, 5084, 5083, 6536,
3232, 5066, 5085, 5085, 5066, 6533,
3233, 5086, 5085, 5085, 5086, 6108,
3233, 5085, 5072, 5072, 5085, 6533,
3233, 5072, 5074, 5074, 5072, 6922,
3233, 5074, 5086, 5086, 5074, 6535,
3234, 5081, 5086, 5086, 5081, 6108,
3234, 5086, 5080, 5080, 5086, 6535,
3235, 5088, 5087, 5087, 5088, 6109,
3235, 5087, 4991, 4991, 5087, 6511,
3236, 5089, 5088, 5088, 5089, 6109,
3236, 5078, 5089, 5089, 5078, 6534,
3237, 5091, 5089, 5089, 5091, 6109,
3237, 5089, 5076, 5076, 5089, 6534,
3237, 5090, 5091, 5091, 5090, 6537,
3238, 5087, 5091, 5091, 5087, 6109,
3238, 5091, 5092, 5092, 5091, 6537,
3238, 4993, 5087, 5087, 4993, 6511,
3239, 5095, 5093, 5093, 5095, 6110,
3239, 5093, 5094, 5094, 5093, 6538,
3239, 5084, 5095, 5095, 5084, 6536,
3240, 5096, 5095, 5095, 5096, 6110,
3240, 5095, 5082, 5082, 5095, 6536,
3241, 5097, 5096, 5096, 5097, 6110,
3241, 4998, 5097, 5097, 4998, 6512,
3242, 5093, 5097, 5097, 5093, 6110,
3242, 5097, 4996, 4996, 5097, 6512,
3242, 5098, 5093, 5093, 5098, 6538,
3243, 5101, 5099, 5099, 5101, 6111,
3244, 5103, 5101, 5101, 5103, 6111,
3244, 5102, 5103, 5103, 5102, 6539,
3245, 5106, 5103, 5103, 5106, 6111,
3245, 5103, 5104, 5104, 5103, 6539,
3245, 5105, 5106, 5106, 5105, 6540,
3246, 5099, 5106, 5106, 5099, 6111,
3246, 5106, 5107, 5107, 5106, 6540,
3247, 5112, 5109, 5109, 5112, 6112,
3247, 5109, 5110, 5110, 5109, 6544,
3247, 5111, 5112, 5112, 5111, 6542,
3248, 5114, 5112, 5112, 5114, 6112,
3248, 5112, 5113, 5113, 5112, 6542,
3249, 5116, 5114, 5114, 5116, 6112,
3250, 5109, 5116, 5116, 5109, 6112,
3250, 5118, 5109, 5109, 5118, 6544,
3253, 5121, 5030, 5030, 5121, 6938,
3255, 5041, 5124, 5124, 5041, 6939,
3299, 5149, 5147, 5147, 5149, 6115,
3300, 5151, 5149, 5149, 5151, 6115,
3300, 5150, 5151, 5151, 5150, 6557,
3301, 5154, 5151, 5151, 5154, 6115,
3301, 5151, 5152, 5152, 5151, 6557,
3301, 5153, 5154, 5154, 5153, 6558,
3302, 5147, 5154, 5154, 5147, 6115,
3302, 5154, 5155, 5155, 5154, 6558,
3303, 5160, 5157, 5157, 5160, 6116,
3303, 5157, 5158, 5158, 5157, 6562,
3303, 5159, 5160, 5160, 5159, 6560,
3304, 5162, 5160, 5160, 5162, 6116,
3304, 5160, 5161, 5161, 5160, 6560,
3305, 5164, 5162, 5162, 5164, 6116,
3306, 5157, 5164, 5164, 5157, 6116,
3306, 5166, 5157, 5157, 5166, 6562,
3307, 5170, 5167, 5167, 5170, 6117,
3307, 5167, 5168, 5168, 5167, 6565,
3307, 5169, 5170, 5170, 5169, 6563,
3308, 5173, 5170, 5170, 5173, 6117,
3308, 5170, 5171, 5171, 5170, 6563,
3309, 5175, 5173, 5173, 5175, 6117,
3309, 5155, 5175, 5175, 5155, 6558,
3310, 5167, 5175, 5175, 5167, 6117,
3310, 5175, 5153, 5153, 5175, 6558,
3310, 5176, 5167, 5167, 5176, 6565,
3311, 5179, 5177, 5177, 5179, 6118,
3311, 5177, 5166, 5166, 5177, 6562,
3312, 5182, 5179, 5179, 5182, 6118,
3312, 5181, 5182, 5182, 5181, 6567,
3313, 5185, 5182, 5182, 5185, 6118,
3313, 5182, 5183, 5183, 5182, 6567,
3313, 5184, 5185, 5185, 5184, 6568,
3314, 5177, 5185, 5185, 5177, 6118,
3314, 5185, 5186, 5186, 5185, 6568,
3314, 5158, 5177, 5177, 5158, 6562,
3347, 5201, 5199, 5199, 5201, 6119,
3347, 5199, 5200, 5200, 5199, 6575,
3347, 4872, 5201, 5201, 4872, 6474,
3348, 5202, 5201, 5201, 5202, 6119,
3348, 5201, 4870, 4870, 5201, 6474,
3349, 5203, 5202, 5202, 5203, 6119,
3350, 5199, 5203, 5203, 5199, 6119,
3350, 5204, 5199, 5199, 5204, 6575,
3351, 5206, 5205, 5205, 5206, 6120,
3352, 5207, 5206, 5206, 5207, 6120,
3352, 4874, 5207, 5207, 4874, 6476,
3353, 5209, 5207, 5207, 5209, 6120,
3353, 5207, 4880, 4880, 5207, 6476,
3353, 5208, 5209, 5209, 5208, 6576,
3354, 5205, 5209, 5209, 5205, 6120,
3354, 5209, 5210, 5210, 5209, 6576,
3355, 5214, 5211, 5211, 5214, 6121,
3355, 5211, 5212, 5212, 5211, 6578,
3355, 5213, 5214, 5214, 5213, 6577,
3356, 5216, 5214, 5214, 5216, 6121,
3356, 5214, 5215, 5215, 5214, 6577,
3357, 5217, 5216, 5216, 5217, 6121,
3358, 5211, 5217, 5217, 5211, 6121,
3358, 5218, 5211, 5211, 5218, 6578,
3359, 5220, 5219, 5219, 5220, 6122,
3360, 5222, 5220, 5220, 5222, 6122,
3360, 5221, 5222, 5222, 5221, 6579,
3361, 5224, 5222, 5222, 5224, 6122,
3361, 5222, 5223, 5223, 5222, 6579,
3361, 5212, 5224, 5224, 5212, 6578,
3362, 5219, 5224, 5224, 5219, 6122,
3362, 5224, 5218, 5218, 5224, 6578,
3363, 5227, 5225, 5225, 5227, 6123,
3363, 5225, 5226, 5226, 5225, 6580,
3363, 4824, 5227, 5227, 4824, 6462,
3364, 5228, 5227, 5227, 5228, 6123,
3364, 5227, 4822, 4822, 5227, 6462,
3364, 4840, 5228, 5228, 4840, 6466,
3365, 5229, 5228, 5228, 5229, 6123,
3365, 5228, 4838, 4838, 5228, 6466,
3365, 4856, 5229, 5229, 4856, 6470,
3366, 5225, 5229, 5229, 5225, 6123,
3366, 5229, 4854, 4854, 5229, 6470,
3366, 5230, 5225, 5225, 5230, 6580,
3367, 5232, 5231, 5231, 5232, 6124,
3367, 5231, 4864, 4864, 5231, 6472,
3367, 4842, 5232, 5232, 4842, 6468,
3368, 5233, 5232, 5232, 5233, 6124,
3368, 5232, 4848, 4848, 5232, 6468,
3368, 4826, 5233, 5233, 4826, 6464,
3369, 5235, 5233, 5233, 5235, 6124,
3369, 5233, 4832, 4832, 5233, 6464,
3369, 5234, 5235, 5235, 5234, 6581,
3370, 5231, 5235, 5235, 5231, 6124,
3370, 5235, 5236, 5236, 5235, 6581,
3370, 4858, 5231, 5231, 4858, 6472,
3371, 5239, 5237, 5237, 5239, 6125,
3371, 5237, 5238, 5238, 5237, 6582,
3371, 5226, 5239, 5239, 5226, 6580,
3372, 5240, 5239, 5239, 5240, 6125,
3372, 5239, 5230, 5230, 5239, 6580,
3372, 5200, 5240, 5240, 5200, 6575,
3373, 5241, 5240, 5240, 5241, 6125,
3373, 5240, 5204, 5204, 5240, 6575,
3373, 5204, 5215, 5215, 5204, 6966,
3373, 5215, 5241, 5241, 5215, 6577,
3374, 5237, 5241, 5241, 5237, 6125,
3374, 5241, 5213, 5213, 5241, 6577,
3374, 5242, 5237, 5237, 5242, 6582,
3375, 5244, 5243, 5243, 5244, 6126,
3375, 5243, 5221, 5221, 5243, 6579,
3375, 5221, 5210, 5210, 5221, 6967,
3375, 5210, 5244, 5244, 5210, 6576,
3376, 5245, 5244, 5244, 5245, 6126,
3376, 5244, 5208, 5208, 5244, 6576,
3376, 5236, 5245, 5245, 5236, 6581,
3377, 5247, 5245, 5245, 5247, 6126,
3377, 5245, 5234, 5234, 5245, 6581,
3377, 5246, 5247, 5247, 5246, 6583,
3378, 5243, 5247, 5247, 5243, 6126,
3378, 5247, 5248, 5248, 5247, 6583,
3378, 5223, 5243, 5243, 5223, 6579,
3379, 5249, 5250, 5250, 5249, 6584,
3379, 5250, 4807, 4807, 5250, 6793,
3379, 4807, 5251, 5251, 4807, 6457,
3380, 5251, 4805, 4805, 5251, 6457,
3380, 5238, 5252, 5252, 5238, 6582,
3381, 5252, 5242, 5242, 5252, 6582,
3381, 5253, 5249, 5249, 5253, 6584,
3382, 5254, 5253, 5253, 5254, 6584,
3382, 5248, 5255, 5255, 5248, 6583,
3383, 5255, 5246, 5246, 5255, 6583,
3383, 4810, 5256, 5256, 4810, 6460,
3384, 5256, 4816, 4816, 5256, 6460,
3384, 4816, 5250, 5250, 4816, 6793,
3384, 5250, 5254, 5254, 5250, 6584,
3393, 5263, 5261, 5261, 5263, 6129,
3393, 5262, 5263, 5263, 5262, 6587,
3394, 5266, 5263, 5263, 5266, 6129,
3394, 5263, 5264, 5264, 5263, 6587,
3394, 5265, 5266, 5266, 5265, 6588,
3395, 5268, 5266, 5266, 5268, 6129,
3395, 5266, 5267, 5267, 5266, 6588,
3396, 5261, 5268, 5268, 5261, 6129,
3397, 5271, 5269, 5269, 5271, 6130,
3397, 5270, 5271, 5271, 5270, 6589,
3398, 5274, 5271, 5271, 5274, 6130,
3398, 5271, 5272, 5272, 5271, 6589,
3398, 5273, 5274, 5274, 5273, 6590,
3399, 5276, 5274, 5274, 5276, 6130,
3399, 5274, 5275, 5275, 5274, 6590,
3400, 5269, 5276, 5276, 5269, 6130,
3401, 5279, 5277, 5277, 5279, 6131,
3401, 5277, 5265, 5265, 5277, 6588,
3401, 5278, 5279, 5279, 5278, 6591,
3402, 5282, 5279, 5279, 5282, 6131,
3402, 5279, 5280, 5280, 5279, 6591,
3402, 5281, 5282, 5282, 5281, 6592,
3403, 5284, 5282, 5282, 5284, 6131,
3403, 5282, 5283, 5283, 5282, 6592,
3404, 5277, 5284, 5284, 5277, 6131,
3404, 5267, 5277, 5277, 5267, 6588,
3405, 5287, 5285, 5285, 5287, 6132,
3405, 5286, 5287, 5287, 5286, 6593,
3406, 5290, 5287, 5287, 5290, 6132,
3406, 5287, 5288, 5288, 5287, 6593,
3406, 5289, 5290, 5290, 5289, 6594,
3407, 5292, 5290, 5290, 5292, 6132,
3407, 5290, 5291, 5291, 5290, 6594,
3407, 5272, 5292, 5292, 5272, 6589,
3408, 5285, 5292, 5292, 5285, 6132,
3408, 5292, 5270, 5270, 5292, 6589,
3409, 5295, 5293, 5293, 5295, 6133,
3409, 5293, 5294, 5294, 5293, 6595,
3409, 5168, 5295, 5295, 5168, 6565,
3410, 5296, 5295, 5295, 5296, 6133,
3410, 5295, 5176, 5176, 5295, 6565,
3410, 5152, 5296, 5296, 5152, 6557,
3411, 5297, 5296, 5296, 5297, 6133,
3411, 5296, 5150, 5150, 5296, 6557,
3411, 5150, 5283, 5283, 5150, 6974,
3411, 5283, 5297, 5297, 5283, 6592,
3412, 5293, 5297, 5297, 5293, 6133,
3412, 5297, 5281, 5281, 5297, 6592,
3412, 5298, 5293, 5293, 5298, 6595,
3413, 5300, 5299, 5299, 5300, 6134,
3413, 5299, 5286, 5286, 5299, 6593,
3413, 5286, 5161, 5161, 5286, 6975,
3413, 5161, 5300, 5300, 5161, 6560,
3414, 5301, 5300, 5300, 5301, 6134,
3414, 5300, 5159, 5159, 5300, 6560,
3414, 5186, 5301, 5301, 5186, 6568,
3415, 5303, 5301, 5301, 5303, 6134,
3415, 5301, 5184, 5184, 5301, 6568,
3415, 5302, 5303, 5303, 5302, 6596,
3416, 5299, 5303, 5303, 5299, 6134,
3416, 5303, 5304, 5304, 5303, 6596,
3416, 5288, 5299, 5299, 5288, 6593,
3417, 5307, 5305, 5305, 5307, 6135,
3417, 5305, 5306, 5306, 5305, 6599,
3417, 5060, 5307, 5307, 5060, 6529,
3418, 5309, 5307, 5307, 5309, 6135,
3418, 5307, 5058, 5058, 5307, 6529,
3418, 5058, 5308, 5308, 5058, 6960,
3418, 5308, 5309, 5309, 5308, 6597,
3419, 5312, 5309, 5309, 5312, 6135,
3419, 5309, 5310, 5310, 5309, 6597,
3419, 5310, 5311, 5311, 5310, 6990,
3419, 5311, 5312, 5312, 5311, 6598,
3420, 5305, 5312, 5312, 5305, 6135,
3420, 5312, 5313, 5313, 5312, 6598,
3420, 5314, 5305, 5305, 5314, 6599,
3421, 5318, 5315, 5315, 5318, 6136,
3421, 5315, 5316, 5316, 5315, 6602,
3421, 5316, 5317, 5317, 5316, 6991,
3421, 5317, 5318, 5318, 5317, 6600,
3422, 5320, 5318, 5318, 5320, 6136,
3422, 5318, 5319, 5319, 5318, 6600,
3422, 5319, 5069, 5069, 5319, 6961,
3422, 5069, 5320, 5320, 5069, 6532,
3423, 5322, 5320, 5320, 5322, 6136,
3423, 5320, 5067, 5067, 5320, 6532,
3423, 5321, 5322, 5322, 5321, 6601,
3424, 5315, 5322, 5322, 5315, 6136,
3424, 5322, 5323, 5323, 5322, 6601,
3424, 5324, 5315, 5315, 5324, 6602,
3425, 5328, 5325, 5325, 5328, 6137,
3425, 5325, 5326, 5326, 5325, 6605,
3425, 5327, 5328, 5328, 5327, 6603,
3426, 5330, 5328, 5328, 5330, 6137,
3426, 5328, 5329, 5329, 5328, 6603,
3426, 5313, 5330, 5330, 5313, 6598,
3427, 5332, 5330, 5330, 5332, 6137,
3427, 5330, 5311, 5311, 5330, 6598,
3427, 5311, 5331, 5331, 5311, 6990,
3427, 5331, 5332, 5332, 5331, 6604,
3428, 5325, 5332, 5332, 5325, 6137,
3428, 5332, 5333, 5333, 5332, 6604,
3428, 5334, 5325, 5325, 5334, 6605,
3429, 5337, 5335, 5335, 5337, 6138,
3429, 5335, 5336, 5336, 5335, 6608,
3429, 5336, 5316, 5316, 5336, 6991,
3429, 5316, 5337, 5337, 5316, 6602,
3430, 5339, 5337, 5337, 5339, 6138,
3430, 5337, 5324, 5324, 5337, 6602,
3430, 5338, 5339, 5339, 5338, 6606,
3431, 5342, 5339, 5339, 5342, 6138,
3431, 5339, 5340, 5340, 5339, 6606,
3431, 5341, 5342, 5342, 5341, 6607,
3432, 5335, 5342, 5342, 5335, 6138,
3432, 5342, 5343, 5343, 5342, 6607,
3432, 5344, 5335, 5335, 5344, 6608,
3433, 5346, 5345, 5345, 5346, 6139,
3433, 5345, 5102, 5102, 5345, 6539,
3433, 5102, 4896, 4896, 5102, 6917,
3433, 4896, 5346, 5346, 4896, 6482,
3434, 5348, 5346, 5346, 5348, 6139,
3434, 5346, 4894, 4894, 5346, 6482,
3434, 5347, 5348, 5348, 5347, 6609,
3435, 5350, 5348, 5348, 5350, 6139,
3435, 5348, 5349, 5349, 5348, 6609,
3435, 5329, 5350, 5350, 5329, 6603,
3436, 5345, 5350, 5350, 5345, 6139,
3436, 5350, 5327, 5327, 5350, 6603,
3436, 5104, 5345, 5345, 5104, 6539,
3437, 5353, 5351, 5351, 5353, 6140,
3437, 5351, 5338, 5338, 5351, 6606,
3437, 5352, 5353, 5353, 5352, 6610,
3438, 5355, 5353, 5353, 5355, 6140,
3438, 5353, 5354, 5354, 5353, 6610,
3438, 4898, 5355, 5355, 4898, 6484,
3439, 5356, 5355, 5355, 5356, 6140,
3439, 5355, 4904, 4904, 5355, 6484,
3439, 4904, 5113, 5113, 4904, 6918,
3439, 5113, 5356, 5356, 5113, 6542,
3440, 5351, 5356, 5356, 5351, 6140,
3440, 5356, 5111, 5111, 5356, 6542,
3440, 5340, 5351, 5351, 5340, 6606,
3441, 5359, 5357, 5357, 5359, 6141,
3441, 5357, 5347, 5347, 5357, 6609,
3441, 5358, 5359, 5359, 5358, 6611,
3442, 5361, 5359, 5359, 5361, 6141,
3442, 5359, 5360, 5360, 5359, 6611,
3442, 5360, 4975, 4975, 5360, 6954,
3442, 4975, 5361, 5361, 4975, 6506,
3443, 5363, 5361, 5361, 5363, 6141,
3443, 5361, 4973, 4973, 5361, 6506,
3443, 5362, 5363, 5363, 5362, 6612,
3444, 5357, 5363, 5363, 5357, 6141,
3444, 5363, 5364, 5364, 5363, 6612,
3444, 5349, 5357, 5357, 5349, 6609,
3445, 5367, 5365, 5365, 5367, 6142,
3445, 5365, 5366, 5366, 5365, 6614,
3445, 4983, 5367, 5367, 4983, 6508,
3446, 5369, 5367, 5367, 5369, 6142,
3446, 5367, 4981, 4981, 5367, 6508,
3446, 4981, 5368, 5368, 4981, 6955,
3446, 5368, 5369, 5369, 5368, 6613,
3447, 5371, 5369, 5369, 5371, 6142,
3447, 5369, 5370, 5370, 5369, 6613,
3447, 5354, 5371, 5371, 5354, 6610,
3448, 5365, 5371, 5371, 5365, 6142,
3448, 5371, 5352, 5352, 5371, 6610,
3448, 5372, 5365, 5365, 5372, 6614,
3449, 5373, 5362, 5362, 5373, 6612,
3449, 5092, 5374, 5374, 5092, 6537,
3450, 5374, 5090, 5090, 5374, 6537,
3450, 5306, 5375, 5375, 5306, 6599,
3451, 5375, 5314, 5314, 5375, 6599,
3451, 5364, 5373, 5373, 5364, 6612,
3452, 5376, 5372, 5372, 5376, 6614,
3452, 5323, 5377, 5377, 5323, 6601,
3453, 5377, 5321, 5321, 5377, 6601,
3453, 5094, 5378, 5378, 5094, 6538,
3454, 5378, 5098, 5098, 5378, 6538,
3454, 5366, 5376, 5376, 5366, 6614,
3455, 5379, 5358, 5358, 5379, 6611,
3455, 5021, 5380, 5380, 5021, 6517,
3456, 5380, 5019, 5019, 5380, 6517,
3456, 5007, 5381, 5381, 5007, 6513,
3457, 5381, 5005, 5005, 5381, 6513,
3457, 5005, 5360, 5360, 5005, 6954,
3457, 5360, 5379, 5379, 5360, 6611,
3458, 5382, 5368, 5368, 5382, 6613,
3458, 5368, 5010, 5010, 5368, 6955,
3458, 5010, 5383, 5383, 5010, 6516,
3459, 5383, 5016, 5016, 5383, 6516,
3459, 5026, 5384, 5384, 5026, 6518,
3460, 5384, 5024, 5024, 5384, 6518,
3460, 5370, 5382, 5382, 5370, 6613,
3461, 5387, 5385, 5385, 5387, 6147,
3461, 5385, 5169, 5169, 5385, 6563,
3461, 5386, 5387, 5387, 5386, 6615,
3462, 5390, 5387, 5387, 5390, 6147,
3462, 5387, 5388, 5388, 5387, 6615,
3462, 5388, 5389, 5389, 5388, 6936,
3462, 5389, 5390, 5390, 5389, 6616,
3463, 5393, 5390, 5390, 5393, 6147,
3463, 5390, 5391, 5391, 5390, 6616,
3463, 5392, 5393, 5393, 5392, 6617,
3464, 5385, 5393, 5393, 5385, 6147,
3464, 5393, 5394, 5394, 5393, 6617,
3464, 5394, 5171, 5171, 5394, 6982,
3464, 5171, 5385, 5385, 5171, 6563,
3465, 5398, 5395, 5395, 5398, 6148,
3465, 5395, 5396, 5396, 5395, 6620,
3465, 5397, 5398, 5398, 5397, 6618,
3466, 5401, 5398, 5398, 5401, 6148,
3466, 5398, 5399, 5399, 5398, 6618,
3466, 5399, 5400, 5400, 5399, 6937,
3466, 5400, 5401, 5401, 5400, 6619,
3467, 5403, 5401, 5401, 5403, 6148,
3467, 5401, 5402, 5402, 5401, 6619,
3467, 5183, 5403, 5403, 5183, 6567,
3468, 5395, 5403, 5403, 5395, 6148,
3468, 5403, 5181, 5181, 5403, 6567,
3468, 5181, 5404, 5404, 5181, 6983,
3468, 5404, 5395, 5395, 5404, 6620,
3469, 5406, 5405, 5405, 5406, 6149,
3470, 5407, 5406, 5406, 5407, 6149,
3470, 5394, 5407, 5407, 5394, 6617,
3471, 5409, 5407, 5407, 5409, 6149,
3471, 5407, 5392, 5392, 5407, 6617,
3471, 5408, 5409, 5409, 5408, 6621,
3472, 5405, 5409, 5409, 5405, 6149,
3472, 5409, 5410, 5410, 5409, 6621,
3472, 5410, 5121, 5121, 5410, 6938,
3472, 5121, 5405, 5405, 5121, 6545,
3473, 5413, 5411, 5411, 5413, 6150,
3473, 5411, 5412, 5412, 5411, 6622,
3473, 5396, 5413, 5413, 5396, 6620,
3474, 5414, 5413, 5413, 5414, 6150,
3474, 5413, 5404, 5404, 5413, 6620,
3475, 5415, 5414, 5414, 5415, 6150,
3476, 5411, 5415, 5415, 5411, 6150,
3476, 5415, 5124, 5124, 5415, 6546,
3476, 5124, 5416, 5416, 5124, 6939,
3476, 5416, 5411, 5411, 5416, 6622,
3477, 5419, 5417, 5417, 5419, 6151,
3477, 5417, 5418, 5418, 5417, 6624,
3477, 5333, 5419, 5419, 5333, 6604,
3478, 5421, 5419, 5419, 5421, 6151,
3478, 5419, 5331, 5331, 5419, 6604,
3478, 5331, 5420, 5420, 5331, 6990,
3478, 5420, 5421, 5421, 5420, 6623,
3479, 5423, 5421, 5421, 5423, 6151,
3479, 5421, 5422, 5422, 5421, 6623,
3479, 5391, 5423, 5423, 5391, 6616,
3480, 5417, 5423, 5423, 5417, 6151,
3480, 5423, 5389, 5389, 5423, 6616,
3480, 5389, 5424, 5424, 5389, 6936,
3480, 5424, 5417, 5417, 5424, 6624,
3481, 5427, 5425, 5425, 5427, 6152,
3481, 5425, 5397, 5397, 5425, 6618,
3481, 5426, 5427, 5427, 5426, 6625,
3482, 5429, 5427, 5427, 5429, 6152,
3482, 5427, 5428, 5428, 5427, 6625,
3482, 5428, 5336, 5336, 5428, 6991,
3482, 5336, 5429, 5429, 5336, 6608,
3483, 5431, 5429, 5429, 5431, 6152,
3483, 5429, 5344, 5344, 5429, 6608,
3483, 5430, 5431, 5431, 5430, 6626,
3484, 5425, 5431, 5431, 5425, 6152,
3484, 5431, 5432, 5432, 5431, 6626,
3484, 5432, 5399, 5399, 5432, 6937,
3484, 5399, 5425, 5425, 5399, 6618,
3485, 5434, 5433, 5433, 5434, 6153,
3485, 5433, 5308, 5308, 5433, 6597,
3486, 5436, 5434, 5434, 5436, 6153,
3486, 5434, 5044, 5044, 5434, 6525,
3486, 5044, 5435, 5435, 5044, 6962,
3486, 5435, 5436, 5436, 5435, 6627,
3487, 5438, 5436, 5436, 5438, 6153,
3487, 5436, 5437, 5437, 5436, 6627,
3487, 5422, 5438, 5438, 5422, 6623,
3488, 5433, 5438, 5438, 5433, 6153,
3488, 5438, 5420, 5420, 5438, 6623,
3488, 5420, 5310, 5310, 5420, 6990,
3488, 5310, 5433, 5433, 5310, 6597,
3489, 5441, 5439, 5439, 5441, 6154,
3489, 5439, 5426, 5426, 5439, 6625,
3489, 5440, 5441, 5441, 5440, 6628,
3490, 5443, 5441, 5441, 5443, 6154,
3490, 5441, 5442, 5442, 5441, 6628,
3490, 5442, 5052, 5052, 5442, 6963,
3490, 5052, 5443, 5443, 5052, 6527,
3491, 5444, 5443, 5443, 5444, 6154,
3491, 5319, 5444, 5444, 5319, 6600,
3492, 5439, 5444, 5444, 5439, 6154,
3492, 5444, 5317, 5317, 5444, 6600,
3492, 5317, 5428, 5428, 5317, 6991,
3492, 5428, 5439, 5439, 5428, 6625,
3493, 5445, 5031, 5031, 5445, 6520,
3493, 5031, 5410, 5410, 5031, 6938,
3493, 5410, 5446, 5446, 5410, 6621,
3494, 5446, 5408, 5408, 5446, 6621,
3494, 5437, 5447, 5447, 5437, 6627,
3495, 5447, 5435, 5435, 5447, 6627,
3495, 5435, 5033, 5033, 5435, 6962,
3495, 5033, 5445, 5445, 5033, 6520,
3496, 5448, 5038, 5038, 5448, 6522,
3496, 5038, 5442, 5442, 5038, 6963,
3496, 5442, 5449, 5449, 5442, 6628,
3497, 5449, 5440, 5440, 5449, 6628,
3497, 5412, 5450, 5450, 5412, 6622,
3498, 5450, 5416, 5416, 5450, 6622,
3498, 5416, 5040, 5040, 5416, 6939,
3498, 5040, 5448, 5448, 5040, 6522,
3587, 5473, 5471, 5471, 5473, 6157,
3587, 5471, 5472, 5472, 5471, 6641,
3587, 5326, 5473, 5473, 5326, 6605,
3588, 5475, 5473, 5473, 5475, 6157,
3588, 5473, 5334, 5334, 5473, 6605,
3588, 5474, 5475, 5475, 5474, 6639,
3589, 5478, 5475, 5475, 5478, 6157,
3589, 5475, 5476, 5476, 5475, 6639,
3589, 5477, 5478, 5478, 5477, 6640,
3590, 5471, 5478, 5478, 5471, 6157,
3590, 5478, 5479, 5479, 5478, 6640,
3590, 5479, 5480, 5480, 5479, 7020,
3590, 5480, 5471, 5471, 5480, 6641,
3591, 5484, 5481, 5481, 5484, 6158,
3591, 5481, 5482, 5482, 5481, 6644,
3591, 5483, 5484, 5484, 5483, 6642,
3592, 5486, 5484, 5484, 5486, 6158,
3592, 5484, 5485, 5485, 5484, 6642,
3592, 5343, 5486, 5486, 5343, 6607,
3593, 5488, 5486, 5486, 5488, 6158,
3593, 5486, 5341, 5341, 5486, 6607,
3593, 5487, 5488, 5488, 5487, 6643,
3594, 5481, 5488, 5488, 5481, 6158,
3594, 5488, 5489, 5489, 5488, 6643,
3594, 5489, 5490, 5490, 5489, 7021,
3594, 5490, 5481, 5481, 5490, 6644,
3595, 5493, 5491, 5491, 5493, 6159,
3595, 5491, 5474, 5474, 5491, 6639,
3595, 5492, 5493, 5493, 5492, 6645,
3596, 5495, 5493, 5493, 5495, 6159,
3596, 5493, 5494, 5494, 5493, 6645,
3597, 5497, 5495, 5495, 5497, 6159,
3597, 5496, 5497, 5497, 5496, 6646,
3598, 5491, 5497, 5497, 5491, 6159,
3598, 5497, 5498, 5498, 5497, 6646,
3598, 5476, 5491, 5491, 5476, 6639,
3599, 5501, 5499, 5499, 5501, 6160,
3599, 5499, 5500, 5500, 5499, 6648,
3600, 5503, 5501, 5501, 5503, 6160,
3600, 5502, 5503, 5503, 5502, 6647,
3601, 5505, 5503, 5503, 5505, 6160,
3601, 5503, 5504, 5504, 5503, 6647,
3601, 5485, 5505, 5505, 5485, 6642,
3602, 5499, 5505, 5505, 5499, 6160,
3602, 5505, 5483, 5483, 5505, 6642,
3602, 5506, 5499, 5499, 5506, 6648,
3603, 5508, 5507, 5507, 5508, 6161,
3603, 5507, 5262, 5262, 5507, 6587,
3603, 5262, 5107, 5107, 5262, 6924,
3603, 5107, 5508, 5508, 5107, 6540,
3604, 5509, 5508, 5508, 5509, 6161,
3604, 5508, 5105, 5105, 5508, 6540,
3604, 5472, 5509, 5509, 5472, 6641,
3605, 5511, 5509, 5509, 5511, 6161,
3605, 5509, 5480, 5480, 5509, 6641,
3605, 5480, 5510, 5510, 5480, 7020,
3605, 5510, 5511, 5511, 5510, 6649,
3606, 5507, 5511, 5511, 5507, 6161,
3606, 5511, 5512, 5512, 5511, 6649,
3606, 5264, 5507, 5507, 5264, 6587,
3607, 5515, 5513, 5513, 5515, 6162,
3607, 5513, 5514, 5514, 5513, 6650,
3607, 5514, 5489, 5489, 5514, 7021,
3607, 5489, 5515, 5515, 5489, 6643,
3608, 5516, 5515, 5515, 5516, 6162,
3608, 5515, 5487, 5487, 5515, 6643,
3608, 5110, 5516, 5516, 5110, 6544,
3609, 5517, 5516, 5516, 5517, 6162,
3609, 5516, 5118, 5118, 5516, 6544,
3609, 5118, 5275, 5275, 5118, 6925,
3609, 5275, 5517, 5517, 5275, 6590,
3610, 5513, 5517, 5517, 5513, 6162,
3610, 5517, 5273, 5273, 5517, 6590,
3610, 5518, 5513, 5513, 5518, 6650,
3611, 5522, 5519, 5519, 5522, 6163,
3611, 5519, 5520, 5520, 5519, 6653,
3611, 5521, 5522, 5522, 5521, 6651,
3612, 5525, 5522, 5522, 5525, 6163,
3612, 5522, 5523, 5523, 5522, 6651,
3613, 5527, 5525, 5525, 5527, 6163,
3614, 5519, 5527, 5527, 5519, 6163,
3614, 5528, 5519, 5519, 5528, 6653,
3615, 5531, 5529, 5529, 5531, 6164,
3616, 5534, 5531, 5531, 5534, 6164,
3616, 5533, 5534, 5534, 5533, 6655,
3617, 5537, 5534, 5534, 5537, 6164,
3617, 5534, 5535, 5535, 5534, 6655,
3617, 5536, 5537, 5537, 5536, 6656,
3618, 5529, 5537, 5537, 5529, 6164,
3618, 5537, 5538, 5538, 5537, 6656,
3619, 5540, 5539, 5539, 5540, 6165,
3619, 5539, 5496, 5496, 5539, 6646,
3620, 5542, 5540, 5540, 5542, 6165,
3620, 5541, 5542, 5542, 5541, 6657,
3621, 5545, 5542, 5542, 5545, 6165,
3621, 5542, 5543, 5543, 5542, 6657,
3621, 5543, 5544, 5544, 5543, 7018,
3621, 5544, 5545, 5545, 5544, 6658,
3622, 5539, 5545, 5545, 5539, 6165,
3622, 5545, 5546, 5546, 5545, 6658,
3622, 5498, 5539, 5539, 5498, 6646,
3623, 5550, 5547, 5547, 5550, 6166,
3623, 5547, 5548, 5548, 5547, 6660,
3623, 5548, 5549, 5549, 5548, 7019,
3623, 5549, 5550, 5550, 5549, 6659,
3624, 5552, 5550, 5550, 5552, 6166,
3624, 5550, 5551, 5551, 5550, 6659,
3625, 5553, 5552, 5552, 5553, 6166,
3625, 5500, 5553, 5553, 5500, 6648,
3626, 5547, 5553, 5553, 5547, 6166,
3626, 5553, 5506, 5506, 5553, 6648,
3626, 5554, 5547, 5547, 5554, 6660,
3627, 5558, 5555, 5555, 5558, 6167,
3627, 5555, 5556, 5556, 5555, 6663,
3627, 5556, 5557, 5557, 5556, 7016,
3627, 5557, 5558, 5558, 5557, 6661,
3628, 5561, 5558, 5558, 5561, 6167,
3628, 5558, 5559, 5559, 5558, 6661,
3628, 5560, 5561, 5561, 5560, 6662,
3629, 5563, 5561, 5561, 5563, 6167,
3629, 5561, 5562, 5562, 5561, 6662,
3629, 5546, 5563, 5563, 5546, 6658,
3630, 5555, 5563, 5563, 5555, 6167,
3630, 5563, 5544, 5544, 5563, 6658,
3630, 5544, 5564, 5564, 5544, 7018,
3630, 5564, 5555, 5555, 5564, 6663,
3631, 5567, 5565, 5565, 5567, 6168,
3631, 5565, 5554, 5554, 5565, 6660,
3631, 5566, 5567, 5567, 5566, 6664,
3632, 5570, 5567, 5567, 5570, 6168,
3632, 5567, 5568, 5568, 5567, 6664,
3632, 5569, 5570, 5570, 5569, 6665,
3633, 5573, 5570, 5570, 5573, 6168,
3633, 5570, 5571, 5571, 5570, 6665,
3633, 5571, 5572, 5572, 5571, 7017,
3633, 5572, 5573, 5573, 5572, 6666,
3634, 5565, 5573, 5573, 5565, 6168,
3634, 5573, 5574, 5574, 5573, 6666,
3634, 5574, 5548, 5548, 5574, 7019,
3634, 5548, 5565, 5565, 5548, 6660,
3635, 5578, 5575, 5575, 5578, 6169,
3635, 5575, 5576, 5576, 5575, 6669,
3635, 5576, 5577, 5577, 5576, 7012,
3635, 5577, 5578, 5578, 5577, 6667,
3636, 5580, 5578, 5578, 5580, 6169,
3636, 5578, 5579, 5579, 5578, 6667,
3636, 5559, 5580, 5580, 5559, 6661,
3637, 5582, 5580, 5580, 5582, 6169,
3637, 5580, 5557, 5557, 5580, 6661,
3637, 5557, 5581, 5581, 5557, 7016,
3637, 5581, 5582, 5582, 5581, 6668,
3638, 5575, 5582, 5582, 5575, 6169,
3638, 5582, 5583, 5583, 5582, 6668,
3638, 5584, 5575, 5575, 5584, 6669,
3639, 5587, 5585, 5585, 5587, 6170,
3639, 5585, 5586, 5586, 5585, 6672,
3639, 5586, 5571, 5571, 5586, 7017,
3639, 5571, 5587, 5587, 5571, 6665,
3640, 5589, 5587, 5587, 5589, 6170,
3640, 5587, 5569, 5569, 5587, 6665,
3640, 5588, 5589, 5589, 5588, 6670,
3641, 5592, 5589, 5589, 5592, 6170,
3641, 5589, 5590, 5590, 5589, 6670,
3641, 5590, 5591, 5591, 5590, 7013,
3641, 5591, 5592, 5592, 5591, 6671,
3642, 5585, 5592, 5592, 5585, 6170,
3642, 5592, 5593, 5593, 5592, 6671,
3642, 5594, 5585, 5585, 5594, 6672,
3643, 5598, 5595, 5595, 5598, 6171,
3643, 5595, 5596, 5596, 5595, 6675,
3644, 5601, 5598, 5598, 5601, 6171,
3644, 5600, 5601, 5601, 5600, 6674,
3645, 5603, 5601, 5601, 5603, 6171,
3645, 5601, 5602, 5602, 5601, 6674,
3645, 5579, 5603, 5603, 5579, 6667,
3646, 5595, 5603, 5603, 5595, 6171,
3646, 5603, 5577, 5577, 5603, 6667,
3646, 5577, 5604, 5604, 5577, 7012,
3646, 5604, 5595, 5595, 5604, 6675,
3647, 5607, 5605, 5605, 5607, 6172,
3647, 5605, 5588, 5588, 5605, 6670,
3647, 5606, 5607, 5607, 5606, 6676,
3648, 5610, 5607, 5607, 5610, 6172,
3648, 5607, 5608, 5608, 5607, 6676,
3649, 5613, 5610, 5610, 5613, 6172,
3649, 5612, 5613, 5613, 5612, 6678,
3650, 5605, 5613, 5613, 5605, 6172,
3650, 5613, 5614, 5614, 5613, 6678,
3650, 5614, 5590, 5590, 5614, 7013,
3650, 5590, 5605, 5605, 5590, 6670,
3667, 5621, 5619, 5619, 5621, 6173,
3667, 5619, 5278, 5278, 5619, 6591,
3667, 5620, 5621, 5621, 5620, 6681,
3668, 5623, 5621, 5621, 5623, 6173,
3668, 5621, 5622, 5622, 5621, 6681,
3669, 5624, 5623, 5623, 5624, 6173,
3669, 5523, 5624, 5624, 5523, 6651,
3670, 5619, 5624, 5624, 5619, 6173,
3670, 5624, 5521, 5521, 5624, 6651,
3670, 5280, 5619, 5619, 5280, 6591,
3671, 5626, 5625, 5625, 5626, 6174,
3671, 5625, 5533, 5533, 5625, 6655,
3672, 5628, 5626, 5626, 5628, 6174,
3672, 5627, 5628, 5628, 5627, 6682,
3673, 5630, 5628, 5628, 5630, 6174,
3673, 5628, 5629, 5629, 5628, 6682,
3673, 5291, 5630, 5630, 5291, 6594,
3674, 5625, 5630, 5630, 5625, 6174,
3674, 5630, 5289, 5289, 5630, 6594,
3674, 5535, 5625, 5625, 5535, 6655,
3675, 5632, 5631, 5631, 5632, 6175,
3675, 5631, 5620, 5620, 5631, 6681,
3675, 5512, 5632, 5632, 5512, 6649,
3676, 5634, 5632, 5632, 5634, 6175,
3676, 5632, 5510, 5510, 5632, 6649,
3676, 5510, 5633, 5633, 5510, 7020,
3676, 5633, 5634, 5634, 5633, 6683,
3677, 5636, 5634, 5634, 5636, 6175,
3677, 5634, 5635, 5635, 5634, 6683,
3677, 5602, 5636, 5636, 5602, 6674,
3678, 5631, 5636, 5636, 5631, 6175,
3678, 5636, 5600, 5600, 5636, 6674,
3678, 5600, 5622, 5622, 5600, 7026,
3678, 5622, 5631, 5631, 5622, 6681,
3679, 5639, 5637, 5637, 5639, 6176,
3679, 5637, 5606, 5606, 5637, 6676,
3679, 5638, 5639, 5639, 5638, 6684,
3680, 5641, 5639, 5639, 5641, 6176,
3680, 5639, 5640, 5640, 5639, 6684,
3680, 5640, 5514, 5514, 5640, 7021,
3680, 5514, 5641, 5641, 5514, 6650,
3681, 5642, 5641, 5641, 5642, 6176,
3681, 5641, 5518, 5518, 5641, 6650,
3681, 5629, 5642, 5642, 5629, 6682,
3682, 5637, 5642, 5642, 5637, 6176,
3682, 5642, 5627, 5627, 5642, 6682,
3682, 5627, 5608, 5608, 5627, 7027,
3682, 5608, 5637, 5637, 5608, 6676,
3683, 5643, 5633, 5633, 5643, 6683,
3683, 5633, 5479, 5479, 5633, 7020,
3683, 5479, 5644, 5644, 5479, 6640,
3684, 5644, 5477, 5477, 5644, 6640,
3684, 5562, 5645, 5645, 5562, 6662,
3685, 5645, 5560, 5560, 5645, 6662,
3685, 5635, 5643, 5643, 5635, 6683,
3686, 5646, 5638, 5638, 5646, 6684,
3686, 5568, 5647, 5647, 5568, 6664,
3687, 5647, 5566, 5566, 5647, 6664,
3687, 5482, 5648, 5648, 5482, 6644,
3688, 5648, 5490, 5490, 5648, 6644,
3688, 5490, 5640, 5640, 5490, 7021,
3688, 5640, 5646, 5646, 5640, 6684,
3705, 5654, 5653, 5653, 5654, 6179,
3705, 5596, 5654, 5654, 5596, 6675,
3706, 5656, 5654, 5654, 5656, 6179,
3706, 5654, 5604, 5604, 5654, 6675,
3706, 5604, 5655, 5655, 5604, 7012,
3706, 5655, 5656, 5656, 5655, 6687,
3707, 5659, 5656, 5656, 5659, 6179,
3707, 5656, 5657, 5657, 5656, 6687,
3707, 5658, 5659, 5659, 5658, 6688,
3708, 5653, 5659, 5659, 5653, 6179,
3708, 5659, 5660, 5660, 5659, 6688,
3709, 5664, 5661, 5661, 5664, 6180,
3709, 5661, 5662, 5662, 5661, 6690,
3709, 5663, 5664, 5664, 5663, 6689,
3710, 5666, 5664, 5664, 5666, 6180,
3710, 5664, 5665, 5665, 5664, 6689,
3710, 5665, 5614, 5614, 5665, 7013,
3710, 5614, 5666, 5666, 5614, 6678,
3711, 5667, 5666, 5666, 5667, 6180,
3711, 5666, 5612, 5612, 5666, 6678,
3712, 5661, 5667, 5667, 5661, 6180,
3712, 5668, 5661, 5661, 5668, 6690,
3713, 5670, 5669, 5669, 5670, 6181,
3713, 5669, 5655, 5655, 5669, 6687,
3713, 5655, 5576, 5576, 5655, 7012,
3713, 5576, 5670, 5670, 5576, 6669,
3714, 5672, 5670, 5670, 5672, 6181,
3714, 5670, 5584, 5584, 5670, 6669,
3714, 5671, 5672, 5672, 5671, 6691,
3715, 5675, 5672, 5672, 5675, 6181,
3715, 5672, 5673, 5673, 5672, 6691,
3715, 5673, 5674, 5674, 5673, 7032,
3715, 5674, 5675, 5675, 5674, 6692,
3716, 5669, 5675, 5675, 5669, 6181,
3716, 5675, 5676, 5676, 5675, 6692,
3716, 5657, 5669, 5669, 5657, 6687,
3717, 5680, 5677, 5677, 5680, 6182,
3717, 5677, 5678, 5678, 5677, 6694,
3717, 5678, 5679, 5679, 5678, 7033,
3717, 5679, 5680, 5680, 5679, 6693,
3718, 5682, 5680, 5680, 5682, 6182,
3718, 5680, 5681, 5681, 5680, 6693,
3718, 5593, 5682, 5682, 5593, 6671,
3719, 5683, 5682, 5682, 5683, 6182,
3719, 5682, 5591, 5591, 5682, 6671,
3719, 5591, 5665, 5665, 5591, 7013,
3719, 5665, 5683, 5683, 5665, 6689,
3720, 5677, 5683, 5683, 5677, 6182,
3720, 5683, 5663, 5663, 5683, 6689,
3720, 5684, 5677, 5677, 5684, 6694,
3721, 5686, 5685, 5685, 5686, 6183,
3721, 5685, 5671, 5671, 5685, 6691,
3721, 5583, 5686, 5686, 5583, 6668,
3722, 5688, 5686, 5686, 5688, 6183,
3722, 5686, 5581, 5581, 5686, 6668,
3722, 5581, 5687, 5687, 5581, 7016,
3722, 5687, 5688, 5688, 5687, 6695,
3723, 5691, 5688, 5688, 5691, 6183,
3723, 5688, 5689, 5689, 5688, 6695,
3724, 5685, 5691, 5691, 5685, 6183,
3724, 5673, 5685, 5685, 5673, 6691,
3725, 5696, 5693, 5693, 5696, 6184,
3725, 5695, 5696, 5696, 5695, 6697,
3726, 5698, 5696, 5696, 5698, 6184,
3726, 5696, 5697, 5697, 5696, 6697,
3726, 5697, 5586, 5586, 5697, 7017,
3726, 5586, 5698, 5698, 5586, 6672,
3727, 5699, 5698, 5698, 5699, 6184,
3727, 5698, 5594, 5594, 5698, 6672,
3727, 5681, 5699, 5699, 5681, 6693,
3728, 5693, 5699, 5699, 5693, 6184,
3728, 5699, 5679, 5679, 5699, 6693,
3729, 5702, 5701, 5701, 5702, 6185,
3729, 5701, 5687, 5687, 5701, 6695,
3729, 5687, 5556, 5556, 5687, 7016,
3729, 5556, 5702, 5702, 5556, 6663,
3730, 5704, 5702, 5702, 5704, 6185,
3730, 5702, 5564, 5564, 5702, 6663,
3730, 5564, 5703, 5703, 5564, 7018,
3730, 5703, 5704, 5704, 5703, 6699,
3731, 5707, 5704, 5704, 5707, 6185,
3731, 5704, 5705, 5705, 5704, 6699,
3731, 5706, 5707, 5707, 5706, 6700,
3732, 5701, 5707, 5707, 5701, 6185,
3732, 5707, 5708, 5708, 5707, 6700,
3732, 5708, 5689, 5689, 5708, 7030,
3732, 5689, 5701, 5701, 5689, 6695,
3733, 5712, 5709, 5709, 5712, 6186,
3733, 5709, 5710, 5710, 5709, 6702,
3733, 5711, 5712, 5712, 5711, 6701,
3734, 5714, 5712, 5712, 5714, 6186,
3734, 5712, 5713, 5713, 5712, 6701,
3734, 5713, 5574, 5574, 5713, 7019,
3734, 5574, 5714, 5714, 5574, 6666,
3735, 5715, 5714, 5714, 5715, 6186,
3735, 5714, 5572, 5572, 5714, 6666,
3735, 5572, 5697, 5697, 5572, 7017,
3735, 5697, 5715, 5715, 5697, 6697,
3736, 5709, 5715, 5715, 5709, 6186,
3736, 5715, 5695, 5695, 5715, 6697,
3736, 5695, 5716, 5716, 5695, 7031,
3736, 5716, 5709, 5709, 5716, 6702,
3737, 5718, 5717, 5717, 5718, 6187,
3737, 5717, 5703, 5703, 5717, 6699,
3737, 5703, 5543, 5543, 5703, 7018,
3737, 5543, 5718, 5718, 5543, 6657,
3738, 5720, 5718, 5718, 5720, 6187,
3738, 5718, 5541, 5541, 5718, 6657,
3739, 5723, 5720, 5720, 5723, 6187,
3739, 5722, 5723, 5723, 5722, 6704,
3740, 5717, 5723, 5723, 5717, 6187,
3740, 5723, 5724, 5724, 5723, 6704,
3740, 5705, 5717, 5717, 5705, 6699,
3741, 5728, 5725, 5725, 5728, 6188,
3741, 5725, 5726, 5726, 5725, 6706,
3742, 5730, 5728, 5728, 5730, 6188,
3742, 5551, 5730, 5730, 5551, 6659,
3743, 5731, 5730, 5730, 5731, 6188,
3743, 5730, 5549, 5549, 5730, 6659,
3743, 5549, 5713, 5713, 5549, 7019,
3743, 5713, 5731, 5731, 5713, 6701,
3744, 5725, 5731, 5731, 5725, 6188,
3744, 5731, 5711, 5711, 5731, 6701,
3744, 5732, 5725, 5725, 5732, 6706,
3748, 5735, 5736, 5736, 5735, 7038,
3752, 5739, 5740, 5740, 5739, 7039,
3755, 5736, 5743, 5743, 5736, 7038,
3755, 5743, 5744, 5744, 5743, 6711,
3756, 5744, 5745, 5745, 5744, 6711,
3756, 5745, 5746, 5746, 5745, 7040,
3757, 5747, 5748, 5748, 5747, 6714,
3757, 5748, 5739, 5739, 5748, 7039,
3760, 5751, 5752, 5752, 5751, 7041,
3760, 5752, 5747, 5747, 5752, 6714,
3763, 5746, 5754, 5754, 5746, 7040,
3765, 5758, 5751, 5751, 5758, 7041,
3817, 5779, 5777, 5777, 5779, 6195,
3818, 5781, 5779, 5779, 5781, 6195,
3818, 5780, 5781, 5781, 5780, 6725,
3819, 5784, 5781, 5781, 5784, 6195,
3819, 5781, 5782, 5782, 5781, 6725,
3819, 5783, 5784, 5784, 5783, 6726,
3820, 5777, 5784, 5784, 5777, 6195,
3820, 5784, 5785, 5785, 5784, 6726,
3820, 5785, 5786, 5786, 5785, 7058,
3820, 5786, 5777, 5777, 5786, 6727,
3821, 5790, 5787, 5787, 5790, 6196,
3821, 5787, 5788, 5788, 5787, 6730,
3821, 5789, 5790, 5790, 5789, 6728,
3822, 5792, 5790, 5790, 5792, 6196,
3822, 5790, 5791, 5791, 5790, 6728,
3823, 5794, 5792, 5792, 5794, 6196,
3824, 5787, 5794, 5794, 5787, 6196,
3824, 5794, 5795, 5795, 5794, 6729,
3824, 5795, 5796, 5796, 5795, 7059,
3824, 5796, 5787, 5787, 5796, 6730,
3825, 5797, 5798, 5798, 5797, 6731,
3825, 5798, 5735, 5735, 5798, 7038,
3828, 5786, 5801, 5801, 5786, 7058,
3828, 5801, 5797, 5797, 5801, 6731,
3831, 5740, 5804, 5804, 5740, 7039,
3831, 5804, 5805, 5805, 5804, 6732,
3832, 5805, 5806, 5806, 5805, 6732,
3832, 5806, 5795, 5795, 5806, 7059,
3849, 5812, 5811, 5811, 5812, 6199,
3849, 5811, 5674, 5674, 5811, 6692,
3850, 5813, 5812, 5812, 5813, 6199,
3851, 5814, 5813, 5813, 5814, 6199,
3851, 5660, 5814, 5814, 5660, 6688,
3852, 5811, 5814, 5814, 5811, 6199,
3852, 5814, 5658, 5658, 5814, 6688,
3852, 5676, 5811, 5811, 5676, 6692,
3853, 5816, 5815, 5815, 5816, 6200,
3853, 5815, 5668, 5668, 5815, 6690,
3854, 5817, 5816, 5816, 5817, 6200,
3855, 5818, 5817, 5817, 5818, 6200,
3855, 5678, 5818, 5818, 5678, 6694,
3856, 5815, 5818, 5818, 5815, 6200,
3856, 5818, 5684, 5684, 5818, 6694,
3856, 5662, 5815, 5815, 5662, 6690,
3857, 5820, 5819, 5819, 5820, 6201,
3857, 5819, 5706, 5706, 5819, 6700,
3857, 5724, 5820, 5820, 5724, 6704,
3858, 5822, 5820, 5820, 5822, 6201,
3858, 5820, 5722, 5722, 5820, 6704,
3859, 5824, 5822, 5822, 5824, 6201,
3860, 5819, 5824, 5824, 5819, 6201,
3860, 5708, 5819, 5819, 5708, 6700,
3861, 5827, 5825, 5825, 5827, 6202,
3862, 5829, 5827, 5827, 5829, 6202,
3862, 5726, 5829, 5829, 5726, 6706,
3863, 5830, 5829, 5829, 5830, 6202,
3863, 5829, 5732, 5732, 5829, 6706,
3863, 5710, 5830, 5830, 5710, 6702,
3864, 5825, 5830, 5830, 5825, 6202,
3864, 5830, 5716, 5716, 5830, 6702,
3881, 5837, 5835, 5835, 5837, 6203,
3881, 5836, 5837, 5837, 5836, 6739,
3882, 5839, 5837, 5837, 5839, 6203,
3882, 5837, 5838, 5838, 5837, 6739,
3882, 5782, 5839, 5839, 5782, 6725,
3883, 5840, 5839, 5839, 5840, 6203,
3883, 5839, 5780, 5780, 5839, 6725,
3884, 5835, 5840, 5840, 5835, 6203,
3885, 5842, 5841, 5841, 5842, 6204,
3885, 5791, 5842, 5842, 5791, 6728,
3886, 5844, 5842, 5842, 5844, 6204,
3886, 5842, 5789, 5789, 5842, 6728,
3886, 5843, 5844, 5844, 5843, 6740,
3887, 5846, 5844, 5844, 5846, 6204,
3887, 5844, 5845, 5845, 5844, 6740,
3888, 5841, 5846, 5846, 5841, 6204,
3889, 5849, 5847, 5847, 5849, 6205,
3889, 5847, 5754, 5754, 5847, 6715,
3889, 5754, 5848, 5848, 5754, 7040,
3889, 5848, 5849, 5849, 5848, 6741,
3890, 5851, 5849, 5849, 5851, 6205,
3890, 5849, 5850, 5850, 5849, 6741,
3890, 5850, 5785, 5785, 5850, 7058,
3890, 5785, 5851, 5851, 5785, 6726,
3891, 5852, 5851, 5851, 5852, 6205,
3891, 5851, 5783, 5783, 5851, 6726,
3891, 5838, 5852, 5852, 5838, 6739,
3892, 5847, 5852, 5852, 5847, 6205,
3892, 5852, 5836, 5836, 5852, 6739,
3893, 5854, 5853, 5853, 5854, 6206,
3893, 5853, 5843, 5843, 5853, 6740,
3893, 5788, 5854, 5854, 5788, 6730,
3894, 5856, 5854, 5854, 5856, 6206,
3894, 5854, 5796, 5796, 5854, 6730,
3894, 5796, 5855, 5855, 5796, 7059,
3894, 5855, 5856, 5856, 5855, 6742,
3895, 5858, 5856, 5856, 5858, 6206,
3895, 5856, 5857, 5857, 5856, 6742,
3895, 5857, 5758, 5758, 5857, 7041,
3895, 5758, 5858, 5858, 5758, 6716,
3896, 5853, 5858, 5858, 5853, 6206,
3896, 5845, 5853, 5853, 5845, 6740,
3897, 5859, 5743, 5743, 5859, 6711,
3897, 5743, 5798, 5798, 5743, 7038,
3897, 5798, 5860, 5860, 5798, 6731,
3898, 5860, 5801, 5801, 5860, 6731,
3898, 5801, 5850, 5850, 5801, 7058,
3898, 5850, 5861, 5861, 5850, 6741,
3899, 5861, 5848, 5848, 5861, 6741,
3899, 5848, 5745, 5745, 5848, 7040,
3899, 5745, 5859, 5859, 5745, 6711,
3900, 5862, 5752, 5752, 5862, 6714,
3900, 5752, 5857, 5857, 5752, 7041,
3900, 5857, 5863, 5863, 5857, 6742,
3901, 5863, 5855, 5855, 5863, 6742,
3901, 5855, 5806, 5806, 5855, 7059,
3901, 5806, 5864, 5864, 5806, 6732,
3902, 5864, 5804, 5804, 5864, 6732,
3902, 5804, 5748, 5748, 5804, 7039,
3902, 5748, 5862, 5862, 5748, 6714,
3914, 5872, 5873, 5873, 5872, 7064,
3918, 5877, 5878, 5878, 5877, 7065,
3919, 5881, 5879, 5879, 5881, 6211,
3919, 5879, 5880, 5880, 5879, 6750,
3920, 5882, 5881, 5881, 5882, 6211,
3921, 5884, 5882, 5882, 5884, 6211,
3921, 5882, 5873, 5873, 5882, 6746,
3921, 5873, 5883, 5883, 5873, 7064,
3921, 5883, 5884, 5884, 5883, 6749,
3922, 5879, 5884, 5884, 5879, 6211,
3922, 5884, 5885, 5885, 5884, 6749,
3922, 5886, 5879, 5879, 5886, 6750,
3923, 5889, 5887, 5887, 5889, 6212,
3923, 5887, 5888, 5888, 5887, 6752,
3923, 5888, 5877, 5877, 5888, 7065,
3923, 5877, 5889, 5889, 5877, 6747,
3924, 5890, 5889, 5889, 5890, 6212,
3925, 5892, 5890, 5890, 5892, 6212,
3925, 5891, 5892, 5892, 5891, 6751,
3926, 5887, 5892, 5892, 5887, 6212,
3926, 5892, 5893, 5893, 5892, 6751,
3926, 5894, 5887, 5887, 5894, 6752,
3927, 5897, 5895, 5895, 5897, 6213,
3928, 5898, 5897, 5897, 5898, 6213,
3928, 5880, 5898, 5898, 5880, 6750,
3929, 5900, 5898, 5898, 5900, 6213,
3929, 5898, 5886, 5886, 5898, 6750,
3929, 5899, 5900, 5900, 5899, 6753,
3930, 5895, 5900, 5900, 5895, 6213,
3930, 5900, 5901, 5901, 5900, 6753,
3930, 5901, 5902, 5902, 5901, 7060,
3930, 5902, 5895, 5895, 5902, 6754,
3931, 5905, 5903, 5903, 5905, 6214,
3931, 5903, 5904, 5904, 5903, 6756,
3931, 5893, 5905, 5905, 5893, 6751,
3932, 5906, 5905, 5905, 5906, 6214,
3932, 5905, 5891, 5891, 5905, 6751,
3933, 5908, 5906, 5906, 5908, 6214,
3934, 5903, 5908, 5908, 5903, 6214,
3934, 5908, 5909, 5909, 5908, 6755,
3934, 5909, 5910, 5910, 5909, 7061,
3934, 5910, 5903, 5903, 5910, 6756,
3937, 5902, 5912, 5912, 5902, 7060,
3939, 5915, 5909, 5909, 5915, 7061,
3960, 5912, 5926, 5926, 5912, 7060,
3960, 5926, 5927, 5927, 5926, 6763,
3961, 5927, 5928, 5928, 5927, 6763,
3961, 5928, 5872, 5872, 5928, 7064,
3963, 5878, 5931, 5931, 5878, 7065,
3963, 5931, 5932, 5932, 5931, 6764,
3964, 5932, 5933, 5933, 5932, 6764,
3964, 5933, 5915, 5915, 5933, 7061,
3967, 5935, 5926, 5926, 5935, 6763,
3967, 5926, 5901, 5901, 5926, 7060,
3967, 5901, 5936, 5936, 5901, 6753,
3968, 5936, 5899, 5899, 5936, 6753,
3968, 5885, 5937, 5937, 5885, 6749,
3969, 5937, 5883, 5883, 5937, 6749,
3969, 5883, 5928, 5928, 5883, 7064,
3969, 5928, 5935, 5935, 5928, 6763,
3970, 5938, 5931, 5931, 5938, 6764,
3970, 5931, 5888, 5888, 5931, 7065,
3970, 5888, 5939, 5939, 5888, 6752,
3971, 5939, 5894, 5894, 5939, 6752,
3971, 5904, 5940, 5940, 5904, 6756,
3972, 5940, 5910, 5910, 5940, 6756,
3972, 5910, 5933, 5933, 5910, 7061,
3972, 5933, 5938, 5938, 5933, 6764,
3973, 5943, 5941, 5941, 5943, 6221,
3973, 5941, 5942, 5942, 5941, 6765,
3973, 5294, 5943, 5943, 5294, 6595,
3974, 5944, 5943, 5943, 5944, 6221,
3974, 5943, 5298, 5298, 5943, 6595,
3974, 5520, 5944, 5944, 5520, 6653,
3975, 5945, 5944, 5944, 5945, 6221,
3975, 5944, 5528, 5528, 5944, 6653,
3976, 5941, 5945, 5945, 5941, 6221,
3976, 5946, 5941, 5941, 5946, 6765,
3977, 5948, 5947, 5947, 5948, 6222,
3977, 5538, 5948, 5948, 5538, 6656,
3978, 5949, 5948, 5948, 5949, 6222,
3978, 5948, 5536, 5536, 5948, 6656,
3978, 5304, 5949, 5949, 5304, 6596,
3979, 5951, 5949, 5949, 5951, 6222,
3979, 5949, 5302, 5302, 5949, 6596,
3979, 5950, 5951, 5951, 5950, 6766,
3980, 5947, 5951, 5951, 5947, 6222,
3980, 5951, 5952, 5952, 5951, 6766,
3981, 5954, 5953, 5953, 5954, 6223,
3981, 5953, 5386, 5386, 5953, 6615,
3981, 5942, 5954, 5954, 5942, 6765,
3982, 5955, 5954, 5954, 5955, 6223,
3982, 5954, 5946, 5946, 5954, 6765,
3983, 5957, 5955, 5955, 5957, 6223,
3983, 5956, 5957, 5957, 5956, 6767,
3984, 5953, 5957, 5957, 5953, 6223,
3984, 5957, 5958, 5958, 5957, 6767,
3984, 5958, 5388, 5388, 5958, 6936,
3984, 5388, 5953, 5953, 5388, 6615,
3985, 5961, 5959, 5959, 5961, 6224,
3985, 5959, 5960, 5960, 5959, 6768,
3986, 5962, 5961, 5961, 5962, 6224,
3986, 5952, 5962, 5962, 5952, 6766,
3987, 5963, 5962, 5962, 5963, 6224,
3987, 5962, 5950, 5950, 5962, 6766,
3987, 5402, 5963, 5963, 5402, 6619,
3988, 5959, 5963, 5963, 5959, 6224,
3988, 5963, 5400, 5400, 5963, 6619,
3988, 5400, 5964, 5964, 5400, 6937,
3988, 5964, 5959, 5959, 5964, 6768,
3989, 5966, 5965, 5965, 5966, 6225,
3989, 5965, 5492, 5492, 5965, 6645,
3989, 5418, 5966, 5966, 5418, 6624,
3990, 5967, 5966, 5966, 5967, 6225,
3990, 5966, 5424, 5424, 5966, 6624,
3990, 5424, 5958, 5958, 5424, 6936,
3990, 5958, 5967, 5967, 5958, 6767,
3991, 5968, 5967, 5967, 5968, 6225,
3991, 5967, 5956, 5956, 5967, 6767,
3992, 5965, 5968, 5968, 5965, 6225,
3992, 5494, 5965, 5965, 5494, 6645,
3993, 5970, 5969, 5969, 5970, 6226,
3993, 5960, 5970, 5970, 5960, 6768,
3994, 5971, 5970, 5970, 5971, 6226,
3994, 5970, 5964, 5964, 5970, 6768,
3994, 5964, 5432, 5432, 5964, 6937,
3994, 5432, 5971, 5971, 5432, 6626,
3995, 5972, 5971, 5971, 5972, 6226,
3995, 5971, 5430, 5430, 5971, 6626,
3995, 5504, 5972, 5972, 5504, 6647,
3996, 5969, 5972, 5972, 5969, 6226,
3996, 5972, 5502, 5502, 5972, 6647,
