507, 1010, 1007, 1007, 1010, 1910,
507, 1007, 1008, 1008, 1007, 1880,
508, 1011, 1012, 1012, 1011, 1881,
508, 1012, 1013, 1013, 1012, 1911,
513, 1008, 1017, 1017, 1008, 1880,
513, 1017, 1018, 1018, 1017, 1886,
514, 1019, 1020, 1020, 1019, 1887,
514, 1020, 1011, 1011, 1020, 1881,
515, 1018, 1021, 1021, 1018, 1886,
515, 1021, 1022, 1022, 1021, 1888,
516, 1024, 1025, 1025, 1024, 1889,
516, 1025, 1019, 1019, 1025, 1887,
521, 1022, 1029, 1029, 1022, 1888,
521, 1029, 1030, 1030, 1029, 1894,
522, 1031, 1032, 1032, 1031, 1895,
522, 1032, 1024, 1024, 1032, 1889,
523, 1030, 1033, 1033, 1030, 1894,
523, 1033, 1034, 1034, 1033, 1896,
524, 1036, 1037, 1037, 1036, 1897,
524, 1037, 1031, 1031, 1037, 1895,
529, 1034, 1041, 1041, 1034, 1896,
529, 1041, 1042, 1042, 1041, 1902,
530, 1043, 1044, 1044, 1043, 1903,
530, 1044, 1036, 1036, 1044, 1897,
531, 1042, 1045, 1045, 1042, 1902,
531, 1045, 1046, 1046, 1045, 1904,
532, 1048, 1049, 1049, 1048, 1905,
532, 1049, 1043, 1043, 1049, 1903,
537, 1046, 1053, 1053, 1046, 1904,
537, 1053, 1010, 1010, 1053, 1910,
538, 1013, 1054, 1054, 1013, 1911,
538, 1054, 1048, 1048, 1054, 1905,
539, 1057, 1053, 1053, 1057, 1910,
539, 1053, 1055, 1055, 1053, 1904,
539, 1055, 1056, 1056, 1055, 1914,
539, 1056, 1057, 1057, 1056, 1912,
540, 1060, 1058, 1058, 1060, 1915,
540, 1058, 1054, 1054, 1058, 1905,
540, 1054, 1059, 1059, 1054, 1911,
540, 1059, 1060, 1060, 1059, 1913,
541, 1055, 1045, 1045, 1055, 1904,
541, 1045, 1061, 1061, 1045, 1902,
541, 1061, 1062, 1062, 1061, 1916,
541, 1062, 1055, 1055, 1062, 1914,
542, 1064, 1063, 1063, 1064, 1917,
542, 1063, 1049, 1049, 1063, 1903,
542, 1049, 1058, 1058, 1049, 1905,
542, 1058, 1064, 1064, 1058, 1915,
543, 1061, 1041, 1041, 1061, 1902,
543, 1041, 1065, 1065, 1041, 1896,
543, 1065, 1066, 1066, 1065, 1918,
543, 1066, 1061, 1061, 1066, 1916,
544, 1068, 1067, 1067, 1068, 1919,
544, 1067, 1044, 1044, 1067, 1897,
544, 1044, 1063, 1063, 1044, 1903,
544, 1063, 1068, 1068, 1063, 1917,
545, 1065, 1033, 1033, 1065, 1896,
545, 1033, 1069, 1069, 1033, 1894,
545, 1069, 1070, 1070, 1069, 1920,
545, 1070, 1065, 1065, 1070, 1918,
546, 1072, 1071, 1071, 1072, 1921,
546, 1071, 1037, 1037, 1071, 1895,
546, 1037, 1067, 1067, 1037, 1897,
546, 1067, 1072, 1072, 1067, 1919,
547, 1069, 1029, 1029, 1069, 1894,
547, 1029, 1073, 1073, 1029, 1888,
547, 1073, 1074, 1074, 1073, 1922,
547, 1074, 1069, 1069, 1074, 1920,
548, 1076, 1075, 1075, 1076, 1923,
548, 1075, 1032, 1032, 1075, 1889,
548, 1032, 1071, 1071, 1032, 1895,
548, 1071, 1076, 1076, 1071, 1921,
549, 1073, 1021, 1021, 1073, 1888,
549, 1021, 1077, 1077, 1021, 1886,
549, 1077, 1078, 1078, 1077, 1926,
549, 1078, 1073, 1073, 1078, 1922,
550, 1080, 1079, 1079, 1080, 1927,
550, 1079, 1025, 1025, 1079, 1887,
550, 1025, 1075, 1075, 1025, 1889,
550, 1075, 1080, 1080, 1075, 1923,
551, 1077, 1017, 1017, 1077, 1886,
551, 1017, 1081, 1081, 1017, 1880,
551, 1081, 1082, 1082, 1081, 1928,
551, 1082, 1077, 1077, 1082, 1926,
552, 1084, 1083, 1083, 1084, 1929,
552, 1083, 1020, 1020, 1083, 1881,
552, 1020, 1079, 1079, 1020, 1887,
552, 1079, 1084, 1084, 1079, 1927,
553, 1081, 1007, 1007, 1081, 1880,
553, 1007, 1057, 1057, 1007, 1910,
553, 1057, 1085, 1085, 1057, 1912,
553, 1085, 1081, 1081, 1085, 1928,
554, 1086, 1059, 1059, 1086, 1913,
554, 1059, 1012, 1012, 1059, 1911,
554, 1012, 1083, 1083, 1012, 1881,
554, 1083, 1086, 1086, 1083, 1929,
571, 1106, 1103, 1103, 1106, 1952,
571, 1105, 1106, 1106, 1105, 1954,
572, 1108, 1109, 1109, 1108, 1953,
572, 1109, 1105, 1105, 1109, 1954,
573, 1112, 1110, 1110, 1112, 1950,
573, 1110, 1111, 1111, 1110, 2027,
573, 1111, 1103, 1103, 1111, 2029,
573, 1103, 1112, 1112, 1103, 1952,
574, 1108, 1113, 1113, 1108, 2030,
574, 1113, 1114, 1114, 1113, 2028,
574, 1114, 1115, 1115, 1114, 1951,
574, 1115, 1108, 1108, 1115, 1953,
575, 1118, 1116, 1116, 1118, 1948,
575, 1116, 1117, 1117, 1116, 2025,
575, 1117, 1110, 1110, 1117, 2027,
575, 1110, 1118, 1118, 1110, 1950,
576, 1114, 1119, 1119, 1114, 2028,
576, 1119, 1120, 1120, 1119, 2026,
576, 1120, 1121, 1121, 1120, 1949,
576, 1121, 1114, 1114, 1121, 1951,
577, 1124, 1122, 1122, 1124, 1946,
577, 1122, 1123, 1123, 1122, 2023,
577, 1123, 1116, 1116, 1123, 2025,
577, 1116, 1124, 1124, 1116, 1948,
578, 1120, 1125, 1125, 1120, 2026,
578, 1125, 1126, 1126, 1125, 2024,
578, 1126, 1127, 1127, 1126, 1947,
578, 1127, 1120, 1120, 1127, 1949,
579, 1130, 1128, 1128, 1130, 1944,
579, 1128, 1129, 1129, 1128, 2021,
579, 1129, 1122, 1122, 1129, 2023,
579, 1122, 1130, 1130, 1122, 1946,
580, 1126, 1131, 1131, 1126, 2024,
580, 1131, 1132, 1132, 1131, 2022,
580, 1132, 1133, 1133, 1132, 1945,
580, 1133, 1126, 1126, 1133, 1947,
581, 1137, 1134, 1134, 1137, 1942,
581, 1134, 1135, 1135, 1134, 1955,
581, 1135, 1136, 1136, 1135, 2001,
582, 1141, 1138, 1138, 1141, 2002,
582, 1138, 1139, 1139, 1138, 1956,
582, 1139, 1140, 1140, 1139, 1943,
583, 1135, 1142, 1142, 1135, 1955,
583, 1142, 1143, 1143, 1142, 1957,
583, 1143, 1144, 1144, 1143, 2003,
583, 1144, 1135, 1135, 1144, 2001,
584, 1147, 1145, 1145, 1147, 2004,
584, 1145, 1146, 1146, 1145, 1958,
584, 1146, 1138, 1138, 1146, 1956,
584, 1138, 1147, 1147, 1138, 2002,
585, 1143, 1148, 1148, 1143, 1957,
586, 1152, 1145, 1145, 1152, 1958,
589, 1158, 1159, 1159, 1158, 1963,
590, 1161, 1162, 1162, 1161, 1964,
591, 1159, 1164, 1164, 1159, 1963,
591, 1164, 1165, 1165, 1164, 1965,
592, 1167, 1168, 1168, 1167, 1966,
592, 1168, 1161, 1161, 1168, 1964,
593, 1165, 1170, 1170, 1165, 1965,
593, 1170, 1171, 1171, 1170, 1967,
594, 1173, 1174, 1174, 1173, 1968,
594, 1174, 1167, 1167, 1174, 1966,
595, 1171, 1176, 1176, 1171, 1967,
595, 1176, 1177, 1177, 1176, 1969,
596, 1179, 1180, 1180, 1179, 1970,
596, 1180, 1173, 1173, 1180, 1968,
597, 1177, 1182, 1182, 1177, 1969,
597, 1182, 1183, 1183, 1182, 1971,
597, 1183, 1184, 1184, 1183, 2017,
597, 1184, 1177, 1177, 1184, 2015,
598, 1187, 1185, 1185, 1187, 2018,
598, 1185, 1186, 1186, 1185, 1972,
598, 1186, 1179, 1179, 1186, 1970,
598, 1179, 1187, 1187, 1179, 2016,
599, 1183, 1188, 1188, 1183, 1971,
599, 1188, 1189, 1189, 1188, 1930,
599, 1190, 1183, 1183, 1190, 2017,
600, 1189, 1191, 1191, 1189, 1930,
600, 1191, 1185, 1185, 1191, 1972,
600, 1185, 1192, 1192, 1185, 2018,
601, 1195, 1193, 1193, 1195, 1973,
601, 1184, 1195, 1195, 1184, 2017,
602, 1197, 1198, 1198, 1197, 1974,
602, 1198, 1187, 1187, 1198, 2018,
615, 1202, 1201, 1201, 1202, 1979,
615, 1201, 1144, 1144, 1201, 2001,
616, 1147, 1203, 1203, 1147, 2002,
616, 1203, 1204, 1204, 1203, 1980,
617, 1206, 1205, 1205, 1206, 1977,
617, 1136, 1201, 1201, 1136, 2001,
617, 1201, 1206, 1206, 1201, 1979,
618, 1203, 1141, 1141, 1203, 2002,
618, 1207, 1208, 1208, 1207, 1978,
618, 1208, 1203, 1203, 1208, 1980,
619, 1205, 1209, 1209, 1205, 1977,
619, 1209, 1210, 1210, 1209, 2034,
620, 1212, 1213, 1213, 1212, 2035,
620, 1213, 1207, 1207, 1213, 1978,
621, 1216, 1195, 1195, 1216, 1973,
621, 1195, 1190, 1190, 1195, 2017,
621, 1215, 1216, 1216, 1215, 1975,
622, 1192, 1198, 1198, 1192, 2018,
622, 1198, 1217, 1217, 1198, 1974,
622, 1217, 1218, 1218, 1217, 1976,
623, 1221, 1215, 1215, 1221, 1975,
623, 1219, 1220, 1220, 1219, 2033,
623, 1220, 1221, 1221, 1220, 2036,
624, 1223, 1219, 1219, 1223, 2033,
624, 1218, 1222, 1222, 1218, 1976,
624, 1222, 1223, 1223, 1222, 2037,
625, 1210, 1224, 1224, 1210, 2034,
625, 1224, 1220, 1220, 1224, 2036,
625, 1220, 1225, 1225, 1220, 2033,
626, 1223, 1226, 1226, 1223, 2037,
626, 1226, 1212, 1212, 1226, 2035,
626, 1225, 1223, 1223, 1225, 2033,
629, 1232, 1231, 1231, 1232, 1988,
629, 1111, 1232, 1232, 1111, 2027,
630, 1233, 1234, 1234, 1233, 1989,
630, 1234, 1113, 1113, 1234, 2028,
631, 1235, 1232, 1232, 1235, 1988,
631, 1232, 1117, 1117, 1232, 2027,
631, 1117, 1236, 1236, 1117, 2025,
632, 1119, 1234, 1234, 1119, 2028,
632, 1234, 1237, 1237, 1234, 1989,
632, 1238, 1119, 1119, 1238, 2026,
633, 1129, 1239, 1239, 1129, 2021,
633, 1239, 1240, 1240, 1239, 2040,
633, 1240, 1241, 1241, 1240, 2038,
633, 1241, 1129, 1129, 1241, 2023,
634, 1244, 1242, 1242, 1244, 2039,
634, 1242, 1243, 1243, 1242, 2041,
634, 1243, 1131, 1131, 1243, 2022,
634, 1131, 1244, 1244, 1131, 2024,
635, 1236, 1123, 1123, 1236, 2025,
635, 1123, 1241, 1241, 1123, 2023,
635, 1241, 1245, 1245, 1241, 2038,
636, 1244, 1125, 1125, 1244, 2024,
636, 1125, 1238, 1238, 1125, 2026,
636, 1246, 1244, 1244, 1246, 2039,
637, 1247, 1248, 1248, 1247, 2043,
637, 1248, 1249, 1249, 1248, 2042,
637, 1249, 1250, 1250, 1249, 2040,
638, 1253, 1248, 1248, 1253, 2042,
638, 1248, 1251, 1251, 1248, 2043,
638, 1252, 1253, 1253, 1252, 2041,
639, 1255, 1240, 1240, 1255, 2038,
639, 1240, 1249, 1249, 1240, 2040,
639, 1249, 1254, 1254, 1249, 2042,
639, 1254, 1255, 1255, 1254, 1932,
640, 1254, 1253, 1253, 1254, 2042,
640, 1253, 1242, 1242, 1253, 2041,
640, 1242, 1256, 1256, 1242, 2039,
640, 1256, 1254, 1254, 1256, 1932,
641, 1258, 1257, 1257, 1258, 1985,
641, 1245, 1255, 1255, 1245, 2038,
641, 1255, 1258, 1258, 1255, 1932,
642, 1256, 1246, 1246, 1256, 2039,
642, 1259, 1258, 1258, 1259, 1985,
642, 1258, 1256, 1256, 1258, 1932,
643, 1263, 1260, 1260, 1263, 1997,
643, 1260, 1261, 1261, 1260, 2046,
643, 1261, 1262, 1262, 1261, 2044,
644, 1267, 1264, 1264, 1267, 2045,
644, 1264, 1265, 1265, 1264, 2047,
644, 1265, 1266, 1266, 1265, 1998,
645, 1270, 1268, 1268, 1270, 1995,
645, 1268, 1269, 1269, 1268, 2048,
645, 1269, 1260, 1260, 1269, 2046,
645, 1260, 1270, 1270, 1260, 1997,
646, 1265, 1271, 1271, 1265, 2047,
646, 1271, 1272, 1272, 1271, 2049,
646, 1272, 1273, 1273, 1272, 1996,
646, 1273, 1265, 1265, 1273, 1998,
647, 1274, 1275, 1275, 1274, 2050,
647, 1275, 1268, 1268, 1275, 2048,
647, 1268, 1276, 1276, 1268, 1995,
648, 1272, 1277, 1277, 1272, 2049,
648, 1277, 1278, 1278, 1277, 2051,
648, 1279, 1272, 1272, 1279, 1996,
649, 1280, 1281, 1281, 1280, 1934,
649, 1281, 1274, 1274, 1281, 2050,
650, 1278, 1283, 1283, 1278, 2051,
650, 1283, 1280, 1280, 1283, 1934,
651, 1285, 1247, 1247, 1285, 2043,
651, 1262, 1284, 1284, 1262, 2044,
651, 1284, 1285, 1285, 1284, 1933,
652, 1286, 1267, 1267, 1286, 2045,
652, 1251, 1285, 1285, 1251, 2043,
652, 1285, 1286, 1286, 1285, 1933,
653, 1289, 1284, 1284, 1289, 1933,
653, 1284, 1287, 1287, 1284, 2044,
653, 1288, 1289, 1289, 1288, 2061,
654, 1290, 1286, 1286, 1290, 2045,
654, 1286, 1289, 1289, 1286, 1933,
654, 1289, 1291, 1291, 1289, 2061,
655, 1281, 1292, 1292, 1281, 1934,
655, 1294, 1281, 1281, 1294, 2050,
656, 1292, 1283, 1283, 1292, 1934,
656, 1283, 1296, 1296, 1283, 2051,
657, 1275, 1294, 1294, 1275, 2050,
657, 1298, 1275, 1275, 1298, 2048,
658, 1296, 1277, 1277, 1296, 2051,
658, 1277, 1300, 1300, 1277, 2049,
659, 1269, 1298, 1298, 1269, 2048,
659, 1301, 1302, 1302, 1301, 2057,
659, 1302, 1269, 1269, 1302, 2046,
660, 1304, 1303, 1303, 1304, 2058,
660, 1300, 1271, 1271, 1300, 2049,
660, 1271, 1304, 1304, 1271, 2047,
661, 1261, 1302, 1302, 1261, 2046,
661, 1302, 1305, 1305, 1302, 2057,
661, 1287, 1261, 1261, 1287, 2044,
662, 1306, 1304, 1304, 1306, 2058,
662, 1304, 1264, 1264, 1304, 2047,
662, 1264, 1290, 1290, 1264, 2045,
663, 1307, 1301, 1301, 1307, 2057,
664, 1303, 1308, 1308, 1303, 2058,
665, 1309, 1288, 1288, 1309, 2061,
665, 1305, 1307, 1307, 1305, 2057,
666, 1291, 1309, 1309, 1291, 2061,
666, 1308, 1306, 1306, 1308, 2058,
667, 1276, 1310, 1310, 1276, 1995,
668, 1312, 1279, 1279, 1312, 1996,
669, 1310, 1270, 1270, 1310, 1995,
669, 1270, 1313, 1313, 1270, 1997,
669, 1313, 1314, 1314, 1313, 2064,
670, 1316, 1315, 1315, 1316, 2065,
670, 1315, 1273, 1273, 1315, 1998,
670, 1273, 1312, 1312, 1273, 1996,
671, 1313, 1263, 1263, 1313, 1997,
671, 1317, 1318, 1318, 1317, 2066,
671, 1318, 1313, 1313, 1318, 2064,
672, 1320, 1319, 1319, 1320, 2067,
672, 1266, 1315, 1315, 1266, 1998,
672, 1315, 1320, 1320, 1315, 2065,
673, 1250, 1239, 1239, 1250, 2040,
673, 1239, 1321, 1321, 1239, 2021,
673, 1321, 1317, 1317, 1321, 2066,
674, 1322, 1243, 1243, 1322, 2022,
674, 1243, 1252, 1252, 1243, 2041,
674, 1319, 1322, 1322, 1319, 2067,
675, 1128, 1323, 1323, 1128, 1944,
675, 1323, 1324, 1324, 1323, 2062,
675, 1324, 1321, 1321, 1324, 2066,
675, 1321, 1128, 1128, 1321, 2021,
676, 1322, 1325, 1325, 1322, 2067,
676, 1325, 1326, 1326, 1325, 2063,
676, 1326, 1132, 1132, 1326, 1945,
676, 1132, 1322, 1322, 1132, 2022,
677, 1324, 1327, 1327, 1324, 2062,
677, 1327, 1328, 1328, 1327, 2068,
677, 1328, 1318, 1318, 1328, 2064,
677, 1318, 1324, 1324, 1318, 2066,
678, 1320, 1329, 1329, 1320, 2065,
678, 1329, 1330, 1330, 1329, 2069,
678, 1330, 1325, 1325, 1330, 2063,
678, 1325, 1320, 1320, 1325, 2067,
679, 1331, 1137, 1137, 1331, 1942,
679, 1314, 1328, 1328, 1314, 2064,
679, 1328, 1331, 1331, 1328, 2068,
680, 1329, 1316, 1316, 1329, 2065,
680, 1140, 1332, 1332, 1140, 1943,
680, 1332, 1329, 1329, 1332, 2069,
681, 1257, 1333, 1333, 1257, 1985,
681, 1333, 1334, 1334, 1333, 1935,
681, 1334, 1335, 1335, 1334, 2075,
682, 1337, 1333, 1333, 1337, 1935,
682, 1333, 1259, 1259, 1333, 1985,
682, 1336, 1337, 1337, 1336, 2076,
683, 1339, 1235, 1235, 1339, 1988,
683, 1335, 1338, 1338, 1335, 2075,
683, 1338, 1339, 1339, 1338, 2073,
684, 1341, 1336, 1336, 1341, 2076,
684, 1237, 1340, 1340, 1237, 1989,
684, 1340, 1341, 1341, 1340, 2074,
685, 1343, 1231, 1231, 1343, 1990,
685, 1231, 1339, 1339, 1231, 1988,
685, 1339, 1342, 1342, 1339, 2073,
685, 1342, 1343, 1343, 1342, 2071,
686, 1345, 1340, 1340, 1345, 2074,
686, 1340, 1233, 1233, 1340, 1989,
686, 1233, 1344, 1344, 1233, 1991,
686, 1344, 1345, 1345, 1344, 2072,
687, 1343, 1346, 1346, 1343, 2071,
687, 1346, 1347, 1347, 1346, 2070,
688, 1348, 1344, 1344, 1348, 2072,
688, 1347, 1348, 1348, 1347, 2070,
689, 1351, 1346, 1346, 1351, 2070,
689, 1346, 1349, 1349, 1346, 2071,
689, 1349, 1350, 1350, 1349, 2082,
689, 1350, 1351, 1351, 1350, 2084,
690, 1353, 1352, 1352, 1353, 2083,
690, 1352, 1348, 1348, 1352, 2072,
690, 1348, 1351, 1351, 1348, 2070,
690, 1351, 1353, 1353, 1351, 2084,
691, 1349, 1342, 1342, 1349, 2071,
691, 1342, 1354, 1354, 1342, 2073,
691, 1355, 1349, 1349, 1355, 2082,
692, 1356, 1345, 1345, 1356, 2074,
692, 1345, 1352, 1352, 1345, 2072,
692, 1352, 1357, 1357, 1352, 2083,
693, 1354, 1338, 1338, 1354, 2073,
693, 1338, 1358, 1358, 1338, 2075,
693, 1358, 1359, 1359, 1358, 2078,
694, 1361, 1360, 1360, 1361, 2079,
694, 1360, 1341, 1341, 1360, 2076,
694, 1341, 1356, 1356, 1341, 2074,
695, 1358, 1334, 1334, 1358, 2075,
695, 1334, 1362, 1362, 1334, 1935,
695, 1362, 1363, 1363, 1362, 2077,
695, 1363, 1358, 1358, 1363, 2078,
696, 1364, 1362, 1362, 1364, 2077,
696, 1362, 1337, 1337, 1362, 1935,
696, 1337, 1360, 1360, 1337, 2076,
696, 1360, 1364, 1364, 1360, 2079,
697, 1363, 1365, 1365, 1363, 2077,
697, 1365, 1350, 1350, 1365, 2084,
697, 1350, 1366, 1366, 1350, 2082,
697, 1366, 1363, 1363, 1366, 2078,
698, 1367, 1353, 1353, 1367, 2083,
698, 1353, 1365, 1365, 1353, 2084,
698, 1365, 1364, 1364, 1365, 2077,
698, 1364, 1367, 1367, 1364, 2079,
701, 1370, 1224, 1224, 1370, 2036,
701, 1224, 1368, 1368, 1224, 2034,
702, 1371, 1226, 1226, 1371, 2035,
702, 1226, 1372, 1372, 1226, 2037,
703, 1375, 1221, 1221, 1375, 1975,
703, 1221, 1370, 1370, 1221, 2036,
704, 1372, 1222, 1222, 1372, 2037,
704, 1222, 1376, 1376, 1222, 1976,
705, 1379, 1216, 1216, 1379, 1973,
705, 1216, 1375, 1375, 1216, 1975,
706, 1376, 1217, 1217, 1376, 1976,
706, 1217, 1380, 1380, 1217, 1974,
707, 1368, 1209, 1209, 1368, 2034,
707, 1209, 1382, 1382, 1209, 1977,
708, 1384, 1213, 1213, 1384, 1978,
708, 1213, 1371, 1371, 1213, 2035,
709, 1382, 1206, 1206, 1382, 1977,
709, 1206, 1386, 1386, 1206, 1979,
710, 1388, 1208, 1208, 1388, 1980,
710, 1208, 1384, 1384, 1208, 1978,
711, 1386, 1202, 1202, 1386, 1979,
712, 1204, 1388, 1388, 1204, 1980,
725, 1193, 1379, 1379, 1193, 1973,
726, 1380, 1197, 1197, 1380, 1974,
753, 1400, 1188, 1188, 1400, 1930,
753, 1188, 1398, 1398, 1188, 1971,
753, 1399, 1400, 1400, 1399, 1936,
754, 1401, 1191, 1191, 1401, 1972,
754, 1191, 1400, 1400, 1191, 1930,
754, 1400, 1402, 1402, 1400, 1936,
755, 1398, 1182, 1182, 1398, 1971,
755, 1182, 1403, 1403, 1182, 1969,
756, 1405, 1186, 1186, 1405, 1970,
756, 1186, 1401, 1401, 1186, 1972,
757, 1403, 1176, 1176, 1403, 1969,
757, 1176, 1407, 1407, 1176, 1967,
758, 1409, 1180, 1180, 1409, 1968,
758, 1180, 1405, 1405, 1180, 1970,
759, 1407, 1170, 1170, 1407, 1967,
759, 1170, 1411, 1411, 1170, 1965,
760, 1413, 1174, 1174, 1413, 1966,
760, 1174, 1409, 1409, 1174, 1968,
761, 1411, 1164, 1164, 1411, 1965,
761, 1164, 1415, 1415, 1164, 1963,
761, 1415, 1416, 1416, 1415, 2109,
762, 1418, 1417, 1417, 1418, 2110,
762, 1417, 1168, 1168, 1417, 1964,
762, 1168, 1413, 1413, 1168, 1966,
763, 1415, 1158, 1158, 1415, 1963,
763, 1158, 1419, 1419, 1158, 1961,
763, 1419, 1420, 1420, 1419, 2111,
763, 1420, 1415, 1415, 1420, 2109,
764, 1422, 1421, 1421, 1422, 2112,
764, 1421, 1162, 1162, 1421, 1962,
764, 1162, 1417, 1417, 1162, 1964,
764, 1417, 1422, 1422, 1417, 2110,
765, 1423, 1424, 1424, 1423, 2113,
765, 1424, 1419, 1419, 1424, 2111,
766, 1426, 1425, 1425, 1426, 2114,
766, 1421, 1426, 1426, 1421, 2112,
767, 1423, 1148, 1148, 1423, 1959,
767, 1148, 1427, 1427, 1148, 1957,
767, 1427, 1428, 1428, 1427, 2115,
767, 1428, 1423, 1423, 1428, 2113,
768, 1430, 1429, 1429, 1430, 2116,
768, 1429, 1152, 1152, 1429, 1958,
768, 1152, 1425, 1425, 1152, 1960,
768, 1425, 1430, 1430, 1425, 2114,
769, 1427, 1142, 1142, 1427, 1957,
769, 1142, 1431, 1431, 1142, 1955,
769, 1432, 1427, 1427, 1432, 2115,
770, 1433, 1146, 1146, 1433, 1956,
770, 1146, 1429, 1429, 1146, 1958,
770, 1429, 1434, 1434, 1429, 2116,
771, 1438, 1435, 1435, 1438, 2125,
771, 1435, 1436, 1436, 1435, 2126,
771, 1436, 1437, 1437, 1436, 2145,
771, 1437, 1438, 1438, 1437, 2155,
772, 1441, 1439, 1439, 1441, 2146,
772, 1439, 1435, 1435, 1439, 2126,
772, 1435, 1440, 1440, 1435, 2125,
772, 1440, 1441, 1441, 1440, 2156,
773, 1444, 1442, 1442, 1444, 2124,
773, 1442, 1438, 1438, 1442, 2125,
773, 1438, 1443, 1443, 1438, 2155,
773, 1443, 1444, 1444, 1443, 2153,
774, 1446, 1440, 1440, 1446, 2156,
774, 1440, 1442, 1442, 1440, 2125,
774, 1442, 1445, 1445, 1442, 2124,
774, 1445, 1446, 1446, 1445, 2154,
775, 1449, 1447, 1447, 1449, 2123,
775, 1447, 1444, 1444, 1447, 2124,
775, 1444, 1448, 1448, 1444, 2153,
775, 1448, 1449, 1449, 1448, 2157,
776, 1451, 1445, 1445, 1451, 2154,
776, 1445, 1447, 1447, 1445, 2124,
776, 1447, 1450, 1450, 1447, 2123,
776, 1450, 1451, 1451, 1450, 2158,
777, 1453, 1106, 1106, 1453, 1952,
777, 1106, 1452, 1452, 1106, 1954,
777, 1452, 1449, 1449, 1452, 2123,
777, 1449, 1453, 1453, 1449, 2157,
778, 1450, 1452, 1452, 1450, 2123,
778, 1452, 1109, 1109, 1452, 1954,
778, 1109, 1454, 1454, 1109, 1953,
778, 1454, 1450, 1450, 1454, 2158,
779, 1456, 1112, 1112, 1456, 1950,
779, 1112, 1453, 1453, 1112, 1952,
779, 1453, 1455, 1455, 1453, 2157,
780, 1458, 1454, 1454, 1458, 2158,
780, 1454, 1115, 1115, 1454, 1953,
780, 1115, 1457, 1457, 1115, 1951,
781, 1460, 1118, 1118, 1460, 1948,
781, 1118, 1456, 1456, 1118, 1950,
781, 1459, 1460, 1460, 1459, 2147,
782, 1457, 1121, 1121, 1457, 1951,
782, 1121, 1461, 1461, 1121, 1949,
782, 1461, 1462, 1462, 1461, 2148,
783, 1464, 1124, 1124, 1464, 1946,
783, 1124, 1460, 1460, 1124, 1948,
783, 1460, 1463, 1463, 1460, 2147,
783, 1463, 1464, 1464, 1463, 2149,
784, 1466, 1461, 1461, 1466, 2148,
784, 1461, 1127, 1127, 1461, 1949,
784, 1127, 1465, 1465, 1127, 1947,
784, 1465, 1466, 1466, 1465, 2150,
785, 1463, 1467, 1467, 1463, 2147,
785, 1467, 1443, 1443, 1467, 2153,
785, 1443, 1468, 1468, 1443, 2155,
785, 1468, 1463, 1463, 1468, 2149,
786, 1470, 1446, 1446, 1470, 2156,
786, 1446, 1469, 1469, 1446, 2154,
786, 1469, 1466, 1466, 1469, 2148,
786, 1466, 1470, 1470, 1466, 2150,
787, 1467, 1459, 1459, 1467, 2147,
787, 1455, 1448, 1448, 1455, 2157,
787, 1448, 1467, 1467, 1448, 2153,
788, 1451, 1458, 1458, 1451, 2158,
788, 1462, 1469, 1469, 1462, 2148,
788, 1469, 1451, 1451, 1469, 2154,
789, 1472, 1471, 1471, 1472, 2143,
789, 1471, 1468, 1468, 1471, 2149,
789, 1468, 1437, 1437, 1468, 2155,
789, 1437, 1472, 1472, 1437, 2145,
790, 1441, 1470, 1470, 1441, 2156,
790, 1470, 1473, 1473, 1470, 2150,
790, 1473, 1474, 1474, 1473, 2144,
790, 1474, 1441, 1441, 1474, 2146,
791, 1475, 1130, 1130, 1475, 1944,
791, 1130, 1464, 1464, 1130, 1946,
791, 1464, 1471, 1471, 1464, 2149,
791, 1471, 1475, 1475, 1471, 2143,
792, 1473, 1465, 1465, 1473, 2150,
792, 1465, 1133, 1133, 1465, 1947,
792, 1133, 1476, 1476, 1133, 1945,
792, 1476, 1473, 1473, 1476, 2144,
793, 1327, 1477, 1477, 1327, 2062,
793, 1478, 1479, 1479, 1478, 2161,
793, 1479, 1327, 1327, 1479, 2068,
794, 1482, 1480, 1480, 1482, 2162,
794, 1481, 1330, 1330, 1481, 2063,
794, 1330, 1482, 1482, 1330, 2069,
795, 1323, 1475, 1475, 1323, 1944,
795, 1475, 1483, 1483, 1475, 2143,
795, 1477, 1323, 1323, 1477, 2062,
796, 1484, 1476, 1476, 1484, 2144,
796, 1476, 1326, 1326, 1476, 1945,
796, 1326, 1481, 1481, 1326, 2063,
797, 1486, 1331, 1331, 1486, 1942,
797, 1331, 1479, 1479, 1331, 2068,
797, 1479, 1485, 1485, 1479, 2161,
798, 1488, 1482, 1482, 1488, 2162,
798, 1482, 1332, 1332, 1482, 2069,
798, 1332, 1487, 1487, 1332, 1943,
799, 1134, 1486, 1486, 1134, 1942,
799, 1431, 1134, 1134, 1431, 1955,
800, 1487, 1139, 1139, 1487, 1943,
800, 1139, 1433, 1433, 1139, 1956,
801, 1494, 1491, 1491, 1494, 1940,
801, 1491, 1492, 1492, 1491, 2141,
801, 1492, 1493, 1493, 1492, 2169,
801, 1493, 1494, 1494, 1493, 2121,
802, 1497, 1495, 1495, 1497, 2170,
802, 1495, 1496, 1496, 1495, 2142,
802, 1496, 1494, 1494, 1496, 1940,
802, 1494, 1497, 1497, 1494, 2121,
803, 1500, 1493, 1493, 1500, 2121,
803, 1493, 1498, 1498, 1493, 2169,
803, 1498, 1499, 1499, 1498, 2167,
803, 1499, 1500, 1500, 1499, 1941,
804, 1502, 1501, 1501, 1502, 2168,
804, 1501, 1497, 1497, 1501, 2170,
804, 1497, 1500, 1500, 1497, 2121,
804, 1500, 1502, 1502, 1500, 1941,
805, 1505, 1499, 1499, 1505, 1941,
805, 1499, 1503, 1503, 1499, 2167,
805, 1504, 1505, 1505, 1504, 2122,
806, 1506, 1502, 1502, 1506, 2168,
806, 1502, 1505, 1505, 1502, 1941,
806, 1505, 1507, 1507, 1505, 2122,
807, 1509, 1504, 1504, 1509, 2122,
807, 1508, 1436, 1436, 1508, 2145,
807, 1436, 1509, 1509, 1436, 2126,
808, 1439, 1510, 1510, 1439, 2146,
808, 1507, 1509, 1509, 1507, 2122,
808, 1509, 1439, 1439, 1509, 2126,
809, 1483, 1472, 1472, 1483, 2143,
809, 1472, 1508, 1508, 1472, 2145,
810, 1510, 1474, 1474, 1510, 2146,
810, 1474, 1484, 1484, 1474, 2144,
811, 1515, 1428, 1428, 1515, 2113,
811, 1428, 1513, 1513, 1428, 2115,
811, 1514, 1515, 1515, 1514, 2127,
812, 1516, 1430, 1430, 1516, 2116,
812, 1430, 1517, 1517, 1430, 2114,
812, 1517, 1518, 1518, 1517, 2128,
813, 1521, 1519, 1519, 1521, 1939,
813, 1519, 1520, 1520, 1519, 2133,
813, 1520, 1491, 1491, 1520, 2141,
813, 1491, 1521, 1521, 1491, 1940,
814, 1496, 1522, 1522, 1496, 2142,
814, 1522, 1523, 1523, 1522, 2134,
814, 1523, 1521, 1521, 1523, 1939,
814, 1521, 1496, 1496, 1521, 1940,
815, 1527, 1524, 1524, 1527, 2119,
815, 1524, 1525, 1525, 1524, 2175,
816, 1528, 1529, 1529, 1528, 2176,
816, 1529, 1527, 1527, 1529, 2119,
819, 1535, 1519, 1519, 1535, 2133,
819, 1519, 1536, 1536, 1519, 1939,
820, 1523, 1537, 1537, 1523, 2134,
820, 1536, 1523, 1523, 1536, 1939,
821, 1540, 1420, 1420, 1540, 2109,
821, 1420, 1538, 1538, 1420, 2111,
821, 1538, 1539, 1539, 1538, 2179,
821, 1539, 1540, 1540, 1539, 2181,
822, 1543, 1541, 1541, 1543, 2180,
822, 1541, 1422, 1422, 1541, 2112,
822, 1422, 1542, 1542, 1422, 2110,
822, 1542, 1543, 1543, 1542, 2182,
823, 1546, 1539, 1539, 1546, 2181,
823, 1539, 1544, 1544, 1539, 2179,
823, 1544, 1545, 1545, 1544, 2185,
823, 1545, 1546, 1546, 1545, 2183,
824, 1549, 1547, 1547, 1549, 2186,
824, 1547, 1543, 1543, 1547, 2180,
824, 1543, 1548, 1548, 1543, 2182,
824, 1548, 1549, 1549, 1548, 2184,
825, 1552, 1545, 1545, 1552, 2183,
825, 1545, 1550, 1550, 1545, 2185,
825, 1550, 1551, 1551, 1550, 2187,
825, 1551, 1552, 1552, 1551, 2189,
826, 1555, 1553, 1553, 1555, 2188,
826, 1553, 1549, 1549, 1553, 2186,
826, 1549, 1554, 1554, 1549, 2184,
826, 1554, 1555, 1555, 1554, 2190,
827, 1558, 1551, 1551, 1558, 2189,
827, 1551, 1556, 1556, 1551, 2187,
827, 1557, 1558, 1558, 1557, 2191,
828, 1559, 1555, 1555, 1559, 2188,
828, 1555, 1560, 1560, 1555, 2190,
828, 1560, 1561, 1561, 1560, 2192,
829, 1562, 1563, 1563, 1562, 2195,
829, 1563, 1557, 1557, 1563, 2191,
830, 1561, 1565, 1565, 1561, 2192,
830, 1565, 1566, 1566, 1565, 2196,
831, 1569, 1535, 1535, 1569, 2133,
831, 1535, 1568, 1568, 1535, 2171,
831, 1568, 1563, 1563, 1568, 2191,
831, 1563, 1569, 1569, 1563, 2195,
832, 1565, 1570, 1570, 1565, 2192,
832, 1570, 1537, 1537, 1570, 2172,
832, 1537, 1571, 1571, 1537, 2134,
832, 1571, 1565, 1565, 1571, 2196,
833, 1572, 1558, 1558, 1572, 2189,
833, 1558, 1568, 1568, 1558, 2191,
834, 1560, 1573, 1573, 1560, 2190,
834, 1570, 1560, 1560, 1570, 2192,
835, 1572, 1525, 1525, 1572, 2173,
835, 1525, 1574, 1574, 1525, 2175,
835, 1574, 1552, 1552, 1574, 2183,
835, 1552, 1572, 1572, 1552, 2189,
836, 1554, 1575, 1575, 1554, 2184,
836, 1575, 1528, 1528, 1575, 2176,
836, 1528, 1573, 1573, 1528, 2174,
836, 1573, 1554, 1554, 1573, 2190,
837, 1574, 1576, 1576, 1574, 2175,
837, 1576, 1577, 1577, 1576, 2177,
837, 1577, 1546, 1546, 1577, 2181,
837, 1546, 1574, 1574, 1546, 2183,
838, 1548, 1578, 1578, 1548, 2182,
838, 1578, 1579, 1579, 1578, 2178,
838, 1579, 1575, 1575, 1579, 2176,
838, 1575, 1548, 1548, 1575, 2184,
839, 1416, 1540, 1540, 1416, 2109,
839, 1540, 1577, 1577, 1540, 2181,
839, 1577, 1580, 1580, 1577, 2177,
840, 1578, 1542, 1542, 1578, 2182,
840, 1542, 1418, 1418, 1542, 2110,
840, 1581, 1578, 1578, 1581, 2178,
841, 1582, 1576, 1576, 1582, 2177,
841, 1576, 1524, 1524, 1576, 2175,
841, 1524, 1583, 1583, 1524, 2119,
842, 1529, 1579, 1579, 1529, 2176,
842, 1579, 1584, 1584, 1579, 2178,
842, 1583, 1529, 1529, 1583, 2119,
845, 1580, 1582, 1582, 1580, 2177,
846, 1584, 1581, 1581, 1584, 2178,
849, 1538, 1424, 1424, 1538, 2111,
849, 1424, 1515, 1515, 1424, 2113,
849, 1515, 1590, 1590, 1515, 2127,
849, 1590, 1538, 1538, 1590, 2179,
850, 1591, 1517, 1517, 1591, 2128,
850, 1517, 1426, 1426, 1517, 2114,
850, 1426, 1541, 1541, 1426, 2112,
850, 1541, 1591, 1591, 1541, 2180,
851, 1590, 1592, 1592, 1590, 2127,
851, 1593, 1544, 1544, 1593, 2185,
851, 1544, 1590, 1590, 1544, 2179,
852, 1547, 1594, 1594, 1547, 2186,
852, 1595, 1591, 1591, 1595, 2128,
852, 1591, 1547, 1547, 1591, 2180,
853, 1597, 1550, 1550, 1597, 2187,
853, 1550, 1593, 1593, 1550, 2185,
854, 1553, 1598, 1598, 1553, 2188,
854, 1594, 1553, 1553, 1594, 2186,
855, 1556, 1597, 1597, 1556, 2187,
856, 1598, 1559, 1559, 1598, 2188,
857, 1503, 1602, 1602, 1503, 2167,
857, 1602, 1603, 1603, 1602, 2203,
858, 1607, 1605, 1605, 1607, 2204,
858, 1605, 1506, 1506, 1605, 2168,
859, 1603, 1609, 1609, 1603, 2203,
860, 1613, 1607, 1607, 1613, 2204,
861, 1513, 1432, 1432, 1513, 2115,
862, 1434, 1516, 1516, 1434, 2116,
863, 1616, 1478, 1478, 1616, 2161,
864, 1480, 1618, 1618, 1480, 2162,
869, 1620, 1621, 1621, 1620, 2139,
869, 1622, 1562, 1562, 1622, 2195,
870, 1623, 1624, 1624, 1623, 2140,
870, 1566, 1625, 1625, 1566, 2196,
871, 1520, 1569, 1569, 1520, 2133,
871, 1569, 1622, 1622, 1569, 2195,
871, 1626, 1520, 1520, 1626, 2141,
872, 1625, 1571, 1571, 1625, 2196,
872, 1571, 1522, 1522, 1571, 2134,
872, 1522, 1627, 1627, 1522, 2142,
873, 1609, 1628, 1628, 1609, 2203,
873, 1621, 1629, 1629, 1621, 2139,
874, 1630, 1613, 1613, 1630, 2204,
874, 1631, 1623, 1623, 1631, 2140,
875, 1602, 1498, 1498, 1602, 2167,
875, 1498, 1632, 1632, 1498, 2169,
875, 1628, 1602, 1602, 1628, 2203,
876, 1633, 1501, 1501, 1633, 2170,
876, 1501, 1605, 1605, 1501, 2168,
876, 1605, 1630, 1630, 1605, 2204,
879, 1637, 1634, 1634, 1637, 2217,
879, 1634, 1635, 1635, 1634, 2205,
879, 1635, 1636, 1636, 1635, 2231,
879, 1636, 1637, 1637, 1636, 2219,
880, 1641, 1638, 1638, 1641, 2232,
880, 1638, 1639, 1639, 1638, 2206,
880, 1639, 1640, 1640, 1639, 2218,
880, 1640, 1641, 1641, 1640, 2220,
881, 1644, 1637, 1637, 1644, 2217,
881, 1637, 1642, 1642, 1637, 2219,
881, 1642, 1643, 1643, 1642, 2221,
881, 1643, 1644, 1644, 1643, 2215,
882, 1647, 1645, 1645, 1647, 2222,
882, 1645, 1640, 1640, 1645, 2220,
882, 1640, 1646, 1646, 1640, 2218,
882, 1646, 1647, 1647, 1646, 2216,
883, 1650, 1643, 1643, 1650, 2215,
883, 1643, 1648, 1648, 1643, 2221,
883, 1648, 1649, 1649, 1648, 2223,
883, 1649, 1650, 1650, 1649, 2213,
884, 1653, 1651, 1651, 1653, 2224,
884, 1651, 1647, 1647, 1651, 2222,
884, 1647, 1652, 1652, 1647, 2216,
884, 1652, 1653, 1653, 1652, 2214,
885, 1656, 1649, 1649, 1656, 2213,
885, 1649, 1654, 1654, 1649, 2223,
885, 1654, 1655, 1655, 1654, 2225,
885, 1655, 1656, 1656, 1655, 2211,
886, 1659, 1657, 1657, 1659, 2226,
886, 1657, 1653, 1653, 1657, 2224,
886, 1653, 1658, 1658, 1653, 2214,
886, 1658, 1659, 1659, 1658, 2212,
887, 1662, 1655, 1655, 1662, 2211,
887, 1661, 1662, 1662, 1661, 2209,
888, 1659, 1664, 1664, 1659, 2212,
888, 1664, 1665, 1665, 1664, 2210,
889, 1668, 1661, 1661, 1668, 2209,
889, 1661, 1666, 1666, 1661, 2227,
889, 1666, 1667, 1667, 1666, 2229,
889, 1667, 1668, 1668, 1667, 2207,
890, 1671, 1669, 1669, 1671, 2230,
890, 1669, 1665, 1665, 1669, 2228,
890, 1665, 1670, 1670, 1665, 2210,
890, 1670, 1671, 1671, 1670, 2208,
891, 1673, 1674, 1674, 1673, 2235,
891, 1674, 1666, 1666, 1674, 2229,
892, 1677, 1675, 1675, 1677, 2236,
892, 1669, 1677, 1677, 1669, 2230,
895, 1654, 1682, 1682, 1654, 2223,
895, 1682, 1683, 1683, 1682, 2241,
896, 1684, 1685, 1685, 1684, 2242,
896, 1685, 1657, 1657, 1685, 2224,
897, 1648, 1686, 1686, 1648, 2221,
897, 1686, 1687, 1687, 1686, 2243,
897, 1687, 1682, 1682, 1687, 2241,
897, 1682, 1648, 1648, 1682, 2223,
898, 1685, 1688, 1688, 1685, 2242,
898, 1688, 1689, 1689, 1688, 2244,
898, 1689, 1651, 1651, 1689, 2222,
898, 1651, 1685, 1685, 1651, 2224,
899, 1642, 1690, 1690, 1642, 2219,
899, 1690, 1691, 1691, 1690, 2245,
899, 1691, 1686, 1686, 1691, 2243,
899, 1686, 1642, 1642, 1686, 2221,
900, 1689, 1692, 1692, 1689, 2244,
900, 1692, 1693, 1693, 1692, 2246,
900, 1693, 1645, 1645, 1693, 2220,
900, 1645, 1689, 1689, 1645, 2222,
901, 1690, 1636, 1636, 1690, 2219,
901, 1636, 1694, 1694, 1636, 2231,
901, 1694, 1695, 1695, 1694, 2233,
901, 1695, 1690, 1690, 1695, 2245,
902, 1697, 1696, 1696, 1697, 2234,
902, 1696, 1641, 1641, 1696, 2232,
902, 1641, 1693, 1693, 1641, 2220,
902, 1693, 1697, 1697, 1693, 2246,
903, 1699, 1700, 1700, 1699, 2259,
904, 1702, 1703, 1703, 1702, 2260,
905, 1704, 1667, 1667, 1704, 2207,
905, 1667, 1705, 1705, 1667, 2229,
906, 1707, 1671, 1671, 1707, 2230,
906, 1671, 1706, 1706, 1671, 2208,
907, 1592, 1514, 1514, 1592, 2127,
907, 1700, 1708, 1708, 1700, 2259,
908, 1709, 1702, 1702, 1709, 2260,
908, 1518, 1595, 1595, 1518, 2128,
909, 1710, 1711, 1711, 1710, 2247,
909, 1711, 1635, 1635, 1711, 2231,
909, 1635, 1712, 1712, 1635, 2205,
910, 1638, 1713, 1713, 1638, 2232,
910, 1713, 1714, 1714, 1713, 2248,
910, 1715, 1638, 1638, 1715, 2206,
911, 1705, 1674, 1674, 1705, 2229,
911, 1674, 1716, 1716, 1674, 2235,
911, 1716, 1717, 1717, 1716, 2257,
912, 1719, 1718, 1718, 1719, 2258,
912, 1718, 1677, 1677, 1718, 2236,
912, 1677, 1707, 1707, 1677, 2230,
913, 1722, 1720, 1720, 1722, 2255,
913, 1717, 1722, 1722, 1717, 2257,
914, 1724, 1725, 1725, 1724, 2256,
914, 1725, 1719, 1719, 1725, 2258,
915, 1728, 1726, 1726, 1728, 2251,
915, 1720, 1727, 1727, 1720, 2255,
916, 1731, 1724, 1724, 1731, 2256,
916, 1729, 1730, 1730, 1729, 2252,
917, 1734, 1732, 1732, 1734, 2249,
917, 1732, 1733, 1733, 1732, 2265,
917, 1726, 1734, 1734, 1726, 2251,
918, 1735, 1736, 1736, 1735, 2266,
918, 1736, 1737, 1737, 1736, 2250,
918, 1737, 1729, 1729, 1737, 2252,
919, 1740, 1738, 1738, 1740, 2247,
919, 1738, 1732, 1732, 1738, 2265,
919, 1732, 1739, 1739, 1732, 2249,
919, 1739, 1740, 1740, 1739, 2267,
920, 1743, 1736, 1736, 1743, 2250,
920, 1736, 1741, 1741, 1736, 2266,
920, 1741, 1742, 1742, 1741, 2248,
920, 1742, 1743, 1743, 1742, 2268,
921, 1694, 1711, 1711, 1694, 2231,
921, 1711, 1740, 1740, 1711, 2247,
921, 1740, 1744, 1744, 1740, 2267,
921, 1744, 1694, 1694, 1744, 2233,
922, 1745, 1742, 1742, 1745, 2268,
922, 1742, 1713, 1713, 1742, 2248,
922, 1713, 1696, 1696, 1713, 2232,
922, 1696, 1745, 1745, 1696, 2234,
923, 1746, 1738, 1738, 1746, 2265,
923, 1738, 1710, 1710, 1738, 2247,
924, 1714, 1741, 1741, 1714, 2248,
924, 1741, 1747, 1747, 1741, 2266,
925, 1708, 1748, 1748, 1708, 2259,
925, 1733, 1746, 1746, 1733, 2265,
926, 1749, 1709, 1709, 1749, 2260,
926, 1747, 1735, 1735, 1747, 2266,
929, 1752, 1744, 1744, 1752, 2233,
929, 1744, 1750, 1750, 1744, 2267,
929, 1750, 1751, 1751, 1750, 2269,
929, 1751, 1752, 1752, 1751, 2293,
930, 1755, 1753, 1753, 1755, 2270,
930, 1753, 1745, 1745, 1753, 2268,
930, 1745, 1754, 1754, 1745, 2234,
930, 1754, 1755, 1755, 1754, 2294,
931, 1750, 1739, 1739, 1750, 2267,
931, 1739, 1756, 1756, 1739, 2249,
931, 1756, 1757, 1757, 1756, 2279,
931, 1757, 1750, 1750, 1757, 2269,
932, 1759, 1758, 1758, 1759, 2280,
932, 1758, 1743, 1743, 1758, 2250,
932, 1743, 1753, 1753, 1743, 2268,
932, 1753, 1759, 1759, 1753, 2270,
933, 1756, 1734, 1734, 1756, 2249,
933, 1734, 1760, 1760, 1734, 2251,
933, 1761, 1756, 1756, 1761, 2279,
934, 1762, 1737, 1737, 1762, 2252,
934, 1737, 1758, 1758, 1737, 2250,
934, 1758, 1763, 1763, 1758, 2280,
935, 1760, 1728, 1728, 1760, 2251,
935, 1764, 1765, 1765, 1764, 2275,
936, 1767, 1766, 1766, 1767, 2276,
936, 1730, 1762, 1762, 1730, 2252,
937, 1727, 1768, 1768, 1727, 2255,
937, 1768, 1769, 1769, 1768, 2273,
937, 1769, 1764, 1764, 1769, 2275,
938, 1771, 1770, 1770, 1771, 2274,
938, 1770, 1731, 1731, 1770, 2256,
938, 1766, 1771, 1771, 1766, 2276,
939, 1768, 1722, 1722, 1768, 2255,
939, 1722, 1772, 1772, 1722, 2257,
939, 1773, 1768, 1768, 1773, 2273,
940, 1774, 1725, 1725, 1774, 2258,
940, 1725, 1770, 1770, 1725, 2256,
940, 1770, 1775, 1775, 1770, 2274,
941, 1772, 1716, 1716, 1772, 2257,
941, 1716, 1776, 1776, 1716, 2235,
941, 1776, 1777, 1777, 1776, 2291,
942, 1779, 1778, 1778, 1779, 2292,
942, 1778, 1718, 1718, 1778, 2236,
942, 1718, 1774, 1774, 1718, 2258,
943, 1781, 1695, 1695, 1781, 2245,
943, 1695, 1752, 1752, 1695, 2233,
943, 1752, 1780, 1780, 1752, 2293,
943, 1780, 1781, 1781, 1780, 2281,
944, 1783, 1754, 1754, 1783, 2294,
944, 1754, 1697, 1697, 1754, 2234,
944, 1697, 1782, 1782, 1697, 2246,
944, 1782, 1783, 1783, 1782, 2282,
945, 1785, 1691, 1691, 1785, 2243,
945, 1691, 1781, 1781, 1691, 2245,
945, 1781, 1784, 1784, 1781, 2281,
945, 1784, 1785, 1785, 1784, 2283,
946, 1787, 1782, 1782, 1787, 2282,
946, 1782, 1692, 1692, 1782, 2246,
946, 1692, 1786, 1786, 1692, 2244,
946, 1786, 1787, 1787, 1786, 2284,
947, 1789, 1687, 1687, 1789, 2241,
947, 1687, 1785, 1785, 1687, 2243,
947, 1785, 1788, 1788, 1785, 2283,
947, 1788, 1789, 1789, 1788, 2285,
948, 1791, 1786, 1786, 1791, 2284,
948, 1786, 1688, 1688, 1786, 2244,
948, 1688, 1790, 1790, 1688, 2242,
948, 1790, 1791, 1791, 1790, 2286,
949, 1793, 1683, 1683, 1793, 2239,
949, 1683, 1789, 1789, 1683, 2241,
949, 1789, 1792, 1792, 1789, 2285,
949, 1792, 1793, 1793, 1792, 2287,
950, 1795, 1790, 1790, 1795, 2286,
950, 1790, 1684, 1684, 1790, 2242,
950, 1684, 1794, 1794, 1684, 2240,
950, 1794, 1795, 1795, 1794, 2288,
951, 1793, 1796, 1796, 1793, 2287,
951, 1796, 1797, 1797, 1796, 2289,
952, 1799, 1794, 1794, 1799, 2288,
952, 1798, 1799, 1799, 1798, 2290,
953, 1776, 1673, 1673, 1776, 2235,
953, 1673, 1797, 1797, 1673, 2237,
953, 1797, 1800, 1800, 1797, 2289,
953, 1800, 1776, 1776, 1800, 2291,
954, 1801, 1798, 1798, 1801, 2290,
954, 1798, 1675, 1675, 1798, 2238,
954, 1675, 1778, 1778, 1675, 2236,
954, 1778, 1801, 1801, 1778, 2292,
955, 1804, 1769, 1769, 1804, 2275,
955, 1769, 1802, 1802, 1769, 2273,
955, 1802, 1803, 1803, 1802, 2297,
955, 1803, 1804, 1804, 1803, 2295,
956, 1807, 1805, 1805, 1807, 2298,
956, 1805, 1771, 1771, 1805, 2274,
956, 1771, 1806, 1806, 1771, 2276,
956, 1806, 1807, 1807, 1806, 2296,
957, 1810, 1803, 1803, 1810, 2295,
957, 1803, 1808, 1808, 1803, 2297,
957, 1808, 1809, 1809, 1808, 2299,
957, 1809, 1810, 1810, 1809, 2301,
958, 1813, 1811, 1811, 1813, 2300,
958, 1811, 1807, 1807, 1811, 2298,
958, 1807, 1812, 1812, 1807, 2296,
958, 1812, 1813, 1813, 1812, 2302,
959, 1816, 1809, 1809, 1816, 2301,
959, 1809, 1814, 1814, 1809, 2299,
959, 1814, 1815, 1815, 1814, 2305,
959, 1815, 1816, 1816, 1815, 2303,
960, 1819, 1817, 1817, 1819, 2306,
960, 1817, 1813, 1813, 1817, 2300,
960, 1813, 1818, 1818, 1813, 2302,
960, 1818, 1819, 1819, 1818, 2304,
961, 1822, 1815, 1815, 1822, 2303,
961, 1815, 1820, 1820, 1815, 2305,
961, 1821, 1822, 1822, 1821, 2309,
962, 1823, 1819, 1819, 1823, 2306,
962, 1819, 1824, 1824, 1819, 2304,
962, 1824, 1825, 1825, 1824, 2310,
963, 1827, 1780, 1780, 1827, 2281,
963, 1780, 1826, 1826, 1780, 2293,
963, 1826, 1822, 1822, 1826, 2303,
963, 1822, 1827, 1827, 1822, 2309,
964, 1824, 1828, 1828, 1824, 2304,
964, 1828, 1783, 1783, 1828, 2294,
964, 1783, 1829, 1829, 1783, 2282,
964, 1829, 1824, 1824, 1829, 2310,
965, 1751, 1830, 1830, 1751, 2269,
965, 1830, 1816, 1816, 1830, 2301,
965, 1816, 1826, 1826, 1816, 2303,
965, 1826, 1751, 1751, 1826, 2293,
966, 1828, 1818, 1818, 1828, 2304,
966, 1818, 1831, 1831, 1818, 2302,
966, 1831, 1755, 1755, 1831, 2270,
966, 1755, 1828, 1828, 1755, 2294,
967, 1830, 1757, 1757, 1830, 2269,
967, 1757, 1832, 1832, 1757, 2279,
967, 1832, 1810, 1810, 1832, 2295,
967, 1810, 1830, 1830, 1810, 2301,
968, 1812, 1833, 1833, 1812, 2296,
968, 1833, 1759, 1759, 1833, 2280,
968, 1759, 1831, 1831, 1759, 2270,
968, 1831, 1812, 1812, 1831, 2302,
969, 1765, 1804, 1804, 1765, 2275,
969, 1804, 1832, 1832, 1804, 2295,
969, 1832, 1761, 1761, 1832, 2279,
970, 1763, 1833, 1833, 1763, 2280,
970, 1833, 1806, 1806, 1833, 2296,
970, 1806, 1767, 1767, 1806, 2276,
971, 1777, 1834, 1834, 1777, 2291,
971, 1834, 1802, 1802, 1834, 2297,
971, 1802, 1773, 1773, 1802, 2273,
972, 1805, 1835, 1835, 1805, 2298,
972, 1835, 1779, 1779, 1835, 2292,
972, 1775, 1805, 1805, 1775, 2274,
973, 1800, 1836, 1836, 1800, 2289,
973, 1836, 1808, 1808, 1836, 2299,
973, 1808, 1834, 1834, 1808, 2297,
973, 1834, 1800, 1800, 1834, 2291,
974, 1835, 1811, 1811, 1835, 2298,
974, 1811, 1837, 1837, 1811, 2300,
974, 1837, 1801, 1801, 1837, 2290,
974, 1801, 1835, 1835, 1801, 2292,
975, 1796, 1838, 1838, 1796, 2287,
975, 1838, 1814, 1814, 1838, 2305,
975, 1814, 1836, 1836, 1814, 2299,
975, 1836, 1796, 1796, 1836, 2289,
976, 1837, 1817, 1817, 1837, 2300,
976, 1817, 1839, 1839, 1817, 2306,
976, 1839, 1799, 1799, 1839, 2288,
976, 1799, 1837, 1837, 1799, 2290,
977, 1792, 1840, 1840, 1792, 2285,
977, 1820, 1838, 1838, 1820, 2305,
977, 1838, 1792, 1792, 1838, 2287,
978, 1839, 1823, 1823, 1839, 2306,
978, 1841, 1795, 1795, 1841, 2286,
978, 1795, 1839, 1839, 1795, 2288,
979, 1788, 1842, 1842, 1788, 2283,
979, 1842, 1821, 1821, 1842, 2309,
979, 1840, 1788, 1788, 1840, 2285,
980, 1825, 1843, 1843, 1825, 2310,
980, 1843, 1791, 1791, 1843, 2284,
980, 1791, 1841, 1841, 1791, 2286,
983, 1846, 1668, 1668, 1846, 2209,
983, 1668, 1844, 1844, 1668, 2207,
983, 1844, 1845, 1845, 1844, 2321,
983, 1845, 1846, 1846, 1845, 2319,
984, 1849, 1847, 1847, 1849, 2322,
984, 1847, 1670, 1670, 1847, 2208,
984, 1670, 1848, 1848, 1670, 2210,
984, 1848, 1849, 1849, 1848, 2320,
985, 1851, 1662, 1662, 1851, 2211,
985, 1662, 1846, 1846, 1662, 2209,
985, 1846, 1850, 1850, 1846, 2319,
985, 1850, 1851, 1851, 1850, 2317,
986, 1853, 1848, 1848, 1853, 2320,
986, 1848, 1664, 1664, 1848, 2210,
986, 1664, 1852, 1852, 1664, 2212,
986, 1852, 1853, 1853, 1852, 2318,
987, 1855, 1656, 1656, 1855, 2213,
987, 1656, 1851, 1851, 1656, 2211,
987, 1851, 1854, 1854, 1851, 2317,
988, 1857, 1852, 1852, 1857, 2318,
988, 1852, 1658, 1658, 1852, 2212,
988, 1658, 1856, 1856, 1658, 2214,
989, 1859, 1650, 1650, 1859, 2215,
989, 1650, 1855, 1855, 1650, 2213,
989, 1858, 1859, 1859, 1858, 2313,
990, 1856, 1652, 1652, 1856, 2214,
990, 1652, 1860, 1860, 1652, 2216,
990, 1860, 1861, 1861, 1860, 2314,
991, 1863, 1644, 1644, 1863, 2217,
991, 1644, 1859, 1859, 1644, 2215,
991, 1859, 1862, 1862, 1859, 2313,
991, 1862, 1863, 1863, 1862, 2311,
992, 1865, 1860, 1860, 1865, 2314,
992, 1860, 1646, 1646, 1860, 2216,
992, 1646, 1864, 1864, 1646, 2218,
992, 1864, 1865, 1865, 1864, 2312,
993, 1867, 1634, 1634, 1867, 2205,
993, 1634, 1863, 1863, 1634, 2217,
993, 1863, 1866, 1866, 1863, 2311,
993, 1866, 1867, 1867, 1866, 2323,
994, 1869, 1864, 1864, 1869, 2312,
994, 1864, 1639, 1639, 1864, 2218,
994, 1639, 1868, 1868, 1639, 2206,
994, 1868, 1869, 1869, 1868, 2324,
995, 1866, 1870, 1870, 1866, 2311,
995, 1870, 1845, 1845, 1870, 2319,
995, 1845, 1871, 1871, 1845, 2321,
995, 1871, 1866, 1866, 1871, 2323,
996, 1873, 1849, 1849, 1873, 2322,
996, 1849, 1872, 1872, 1849, 2320,
996, 1872, 1869, 1869, 1872, 2312,
996, 1869, 1873, 1873, 1869, 2324,
997, 1870, 1862, 1862, 1870, 2311,
997, 1862, 1874, 1874, 1862, 2313,
997, 1874, 1850, 1850, 1874, 2317,
997, 1850, 1870, 1870, 1850, 2319,
998, 1853, 1875, 1875, 1853, 2318,
998, 1875, 1865, 1865, 1875, 2314,
998, 1865, 1872, 1872, 1865, 2312,
998, 1872, 1853, 1853, 1872, 2320,
1001, 1712, 1867, 1867, 1712, 2205,
1001, 1867, 1876, 1876, 1867, 2323,
1002, 1868, 1715, 1715, 1868, 2206,
1002, 1877, 1868, 1868, 1877, 2324,
1003, 1876, 1871, 1871, 1876, 2323,
1003, 1871, 1878, 1878, 1871, 2321,
1003, 1878, 1620, 1620, 1878, 2139,
1004, 1879, 1873, 1873, 1879, 2322,
1004, 1873, 1877, 1877, 1873, 2324,
1004, 1624, 1879, 1879, 1624, 2140,
1005, 1629, 1878, 1878, 1629, 2139,
1005, 1878, 1844, 1844, 1878, 2321,
1005, 1844, 1704, 1704, 1844, 2207,
1006, 1847, 1879, 1879, 1847, 2322,
1006, 1879, 1631, 1631, 1879, 2140,
1006, 1706, 1847, 1847, 1706, 2208,
