0, 1, 3, 3, 1, 2,
4, 0, 5, 5, 0, 3,
6, 7, 9, 9, 7, 8,
10, 6, 11, 11, 6, 9,
12, 13, 15, 15, 13, 14,
13, 16, 14, 14, 16, 17,
14, 17, 19, 19, 17, 18,
15, 14, 20, 20, 14, 19,
21, 22, 24, 24, 22, 23,
22, 12, 23, 23, 12, 15,
23, 15, 25, 25, 15, 20,
24, 23, 26, 26, 23, 25,
27, 28, 30, 30, 28, 29,
28, 21, 29, 29, 21, 24,
29, 24, 31, 31, 24, 26,
30, 29, 32, 32, 29, 31,
16, 33, 17, 17, 33, 34,
33, 27, 34, 34, 27, 30,
34, 30, 35, 35, 30, 32,
17, 34, 18, 18, 34, 35,
36, 37, 12, 12, 37, 13,
37, 38, 13, 13, 38, 16,
39, 40, 21, 21, 40, 22,
40, 36, 22, 22, 36, 12,
41, 42, 27, 27, 42, 28,
42, 39, 28, 28, 39, 21,
38, 43, 16, 16, 43, 33,
43, 41, 33, 33, 41, 27,
44, 45, 36, 36, 45, 37,
45, 46, 37, 37, 46, 38,
47, 48, 39, 39, 48, 40,
48, 44, 40, 40, 44, 36,
49, 50, 41, 41, 50, 42,
50, 47, 42, 42, 47, 39,
46, 51, 38, 38, 51, 43,
51, 49, 43, 43, 49, 41,
52, 53, 55, 55, 53, 54,
53, 56, 54, 54, 56, 57,
54, 57, 45, 45, 57, 46,
55, 54, 44, 44, 54, 45,
58, 59, 61, 61, 59, 60,
59, 52, 60, 60, 52, 55,
60, 55, 48, 48, 55, 44,
61, 60, 47, 47, 60, 48,
62, 63, 65, 65, 63, 64,
63, 58, 64, 64, 58, 61,
64, 61, 50, 50, 61, 47,
65, 64, 49, 49, 64, 50,
56, 66, 57, 57, 66, 67,
66, 62, 67, 67, 62, 65,
67, 65, 51, 51, 65, 49,
57, 67, 46, 46, 67, 51,
68, 69, 52, 52, 69, 53,
69, 70, 53, 53, 70, 56,
71, 72, 58, 58, 72, 59,
72, 68, 59, 59, 68, 52,
73, 74, 62, 62, 74, 63,
74, 71, 63, 63, 71, 58,
70, 75, 56, 56, 75, 66,
75, 73, 66, 66, 73, 62,
76, 77, 68, 68, 77, 69,
77, 78, 69, 69, 78, 70,
79, 80, 71, 71, 80, 72,
80, 76, 72, 72, 76, 68,
81, 82, 73, 73, 82, 74,
82, 79, 74, 74, 79, 71,
78, 83, 70, 70, 83, 75,
83, 81, 75, 75, 81, 73,
84, 85, 76, 76, 85, 77,
85, 86, 77, 77, 86, 78,
87, 88, 79, 79, 88, 80,
88, 84, 80, 80, 84, 76,
89, 90, 81, 81, 90, 82,
90, 87, 82, 82, 87, 79,
86, 91, 78, 78, 91, 83,
91, 89, 83, 83, 89, 81,
92, 93, 95, 95, 93, 94,
93, 96, 94, 94, 96, 97,
94, 97, 85, 85, 97, 86,
95, 94, 84, 84, 94, 85,
98, 99, 101, 101, 99, 100,
99, 92, 100, 100, 92, 95,
100, 95, 88, 88, 95, 84,
101, 100, 87, 87, 100, 88,
102, 103, 105, 105, 103, 104,
103, 98, 104, 104, 98, 101,
104, 101, 90, 90, 101, 87,
105, 104, 89, 89, 104, 90,
96, 106, 97, 97, 106, 107,
106, 102, 107, 107, 102, 105,
107, 105, 91, 91, 105, 89,
97, 107, 86, 86, 107, 91,
108, 109, 111, 111, 109, 110,
109, 112, 110, 110, 112, 113,
110, 113, 106, 106, 113, 102,
111, 110, 96, 96, 110, 106,
92, 114, 93, 93, 114, 115,
114, 116, 115, 115, 116, 117,
115, 117, 111, 111, 117, 108,
93, 115, 96, 96, 115, 111,
118, 119, 121, 121, 119, 120,
119, 98, 120, 120, 98, 103,
120, 103, 113, 113, 103, 102,
121, 120, 112, 112, 120, 113,
116, 122, 117, 117, 122, 123,
108, 117, 124, 124, 117, 123,
125, 118, 126, 126, 118, 121,
127, 126, 112, 112, 126, 121,
128, 129, 131, 131, 129, 130,
122, 116, 130, 130, 116, 131,
132, 133, 135, 135, 133, 134,
133, 128, 134, 134, 128, 131,
134, 131, 136, 136, 131, 116,
135, 134, 118, 118, 134, 136,
137, 132, 138, 138, 132, 135,
118, 125, 135, 135, 125, 138,
129, 139, 130, 130, 139, 140,
139, 137, 140, 140, 137, 138,
140, 138, 141, 141, 138, 125,
130, 140, 122, 122, 140, 141,
128, 142, 129, 129, 142, 143,
132, 144, 133, 133, 144, 145,
133, 145, 128, 128, 145, 142,
137, 146, 132, 132, 146, 144,
129, 143, 139, 139, 143, 147,
139, 147, 137, 137, 147, 146,
144, 146, 145, 145, 146, 147,
143, 142, 147, 147, 142, 145,
148, 149, 151, 151, 149, 150,
149, 152, 150, 150, 152, 153,
150, 153, 123, 123, 153, 124,
151, 150, 122, 122, 150, 123,
154, 155, 157, 157, 155, 156,
155, 148, 156, 156, 148, 151,
156, 151, 141, 141, 151, 122,
157, 156, 125, 125, 156, 141,
158, 159, 161, 161, 159, 160,
159, 154, 160, 160, 154, 157,
160, 157, 126, 126, 157, 125,
161, 160, 127, 127, 160, 126,
152, 162, 153, 153, 162, 163,
162, 158, 163, 163, 158, 161,
163, 161, 164, 164, 161, 127,
153, 163, 124, 124, 163, 164,
148, 165, 149, 149, 165, 166,
149, 166, 152, 152, 166, 167,
154, 168, 155, 155, 168, 169,
155, 169, 148, 148, 169, 165,
158, 170, 159, 159, 170, 171,
159, 171, 154, 154, 171, 168,
152, 167, 162, 162, 167, 172,
162, 172, 158, 158, 172, 170,
168, 171, 169, 169, 171, 173,
171, 170, 173, 173, 170, 172,
173, 172, 166, 166, 172, 167,
169, 173, 165, 165, 173, 166,
174, 175, 177, 177, 175, 176,
108, 124, 176, 176, 124, 177,
178, 179, 181, 181, 179, 180,
179, 174, 180, 180, 174, 177,
180, 177, 164, 164, 177, 124,
181, 180, 127, 127, 180, 164,
182, 178, 183, 183, 178, 181,
127, 112, 181, 181, 112, 183,
175, 184, 176, 176, 184, 185,
184, 182, 185, 185, 182, 183,
185, 183, 109, 109, 183, 112,
176, 185, 108, 108, 185, 109,
186, 187, 174, 174, 187, 175,
188, 189, 178, 178, 189, 179,
189, 186, 179, 179, 186, 174,
190, 188, 182, 182, 188, 178,
187, 191, 175, 175, 191, 184,
191, 190, 184, 184, 190, 182,
188, 190, 189, 189, 190, 191,
187, 186, 191, 191, 186, 189,
192, 193, 195, 195, 193, 194,
193, 196, 194, 194, 196, 197,
194, 197, 114, 114, 197, 116,
195, 194, 92, 92, 194, 114,
198, 199, 201, 201, 199, 200,
199, 192, 200, 200, 192, 195,
200, 195, 99, 99, 195, 92,
201, 200, 98, 98, 200, 99,
202, 203, 205, 205, 203, 204,
203, 198, 204, 204, 198, 201,
204, 201, 119, 119, 201, 98,
205, 204, 118, 118, 204, 119,
196, 206, 197, 197, 206, 207,
206, 202, 207, 207, 202, 205,
207, 205, 136, 136, 205, 118,
197, 207, 116, 116, 207, 136,
192, 208, 193, 193, 208, 209,
193, 209, 196, 196, 209, 210,
198, 211, 199, 199, 211, 212,
199, 212, 192, 192, 212, 208,
202, 213, 203, 203, 213, 214,
203, 214, 198, 198, 214, 211,
196, 210, 206, 206, 210, 215,
206, 215, 202, 202, 215, 213,
211, 214, 212, 212, 214, 216,
214, 213, 216, 216, 213, 215,
216, 215, 209, 209, 215, 210,
212, 216, 208, 208, 216, 209,
217, 218, 220, 220, 218, 219,
220, 219, 7, 7, 219, 8,
221, 222, 224, 224, 222, 223,
218, 225, 219, 219, 225, 226,
225, 227, 226, 226, 227, 228,
226, 228, 230, 230, 228, 229,
230, 8, 226, 226, 8, 219,
231, 227, 232, 232, 227, 225,
232, 225, 217, 217, 225, 218,
233, 234, 236, 236, 234, 235,
237, 238, 1, 1, 238, 2,
239, 240, 242, 242, 240, 241,
242, 241, 11, 11, 241, 10,
243, 244, 246, 246, 244, 245,
244, 247, 245, 245, 247, 248,
249, 242, 250, 250, 242, 11,
250, 251, 249, 249, 251, 252,
253, 254, 233, 233, 254, 234,
255, 256, 258, 258, 256, 257,
258, 257, 239, 239, 257, 240,
259, 260, 262, 262, 260, 261,
262, 261, 244, 244, 261, 247,
263, 262, 243, 243, 262, 244,
264, 265, 267, 267, 265, 266,
268, 269, 271, 271, 269, 270,
271, 270, 255, 255, 270, 256,
272, 273, 275, 275, 273, 274,
275, 274, 259, 259, 274, 260,
276, 275, 277, 277, 275, 259,
278, 279, 281, 281, 279, 280,
281, 280, 283, 283, 280, 282,
284, 285, 287, 287, 285, 286,
287, 286, 268, 268, 286, 269,
288, 289, 291, 291, 289, 290,
289, 292, 290, 290, 292, 293,
272, 290, 273, 273, 290, 293,
291, 290, 294, 294, 290, 272,
295, 296, 298, 298, 296, 297,
279, 278, 298, 298, 278, 295,
299, 285, 300, 300, 285, 284,
301, 302, 304, 304, 302, 303,
305, 306, 308, 308, 306, 307,
306, 309, 307, 307, 309, 310,
307, 310, 298, 298, 310, 311,
308, 307, 297, 297, 307, 298,
312, 313, 315, 315, 313, 314,
313, 305, 314, 314, 305, 308,
314, 308, 316, 316, 308, 297,
315, 314, 317, 317, 314, 316,
318, 319, 284, 284, 319, 300,
319, 320, 300, 300, 320, 312,
309, 321, 310, 310, 321, 289,
321, 322, 289, 289, 322, 292,
323, 324, 326, 326, 324, 325,
324, 327, 325, 325, 327, 328,
325, 328, 330, 330, 328, 329,
326, 325, 331, 331, 325, 330,
332, 333, 335, 335, 333, 334,
333, 323, 334, 334, 323, 326,
334, 326, 336, 336, 326, 331,
335, 334, 320, 320, 334, 336,
337, 338, 340, 340, 338, 339,
338, 332, 339, 339, 332, 335,
339, 335, 319, 319, 335, 320,
340, 339, 318, 318, 339, 319,
327, 341, 328, 328, 341, 342,
341, 337, 342, 342, 337, 340,
340, 318, 342, 342, 318, 343,
328, 342, 329, 329, 342, 344,
345, 346, 348, 348, 346, 347,
346, 349, 347, 347, 349, 350,
347, 350, 324, 324, 350, 327,
348, 347, 323, 323, 347, 324,
351, 352, 354, 354, 352, 353,
352, 345, 353, 353, 345, 348,
353, 348, 333, 333, 348, 323,
354, 353, 332, 332, 353, 333,
355, 356, 358, 358, 356, 357,
356, 351, 357, 357, 351, 354,
357, 354, 338, 338, 354, 332,
358, 357, 337, 337, 357, 338,
349, 359, 350, 350, 359, 360,
359, 355, 360, 360, 355, 358,
360, 358, 341, 341, 358, 337,
350, 360, 327, 327, 360, 341,
361, 362, 345, 345, 362, 346,
362, 363, 346, 346, 363, 349,
364, 365, 351, 351, 365, 352,
365, 361, 352, 352, 361, 345,
366, 367, 355, 355, 367, 356,
367, 364, 356, 356, 364, 351,
363, 368, 349, 349, 368, 359,
368, 366, 359, 359, 366, 355,
369, 370, 361, 361, 370, 362,
370, 371, 362, 362, 371, 363,
372, 373, 364, 364, 373, 365,
373, 369, 365, 365, 369, 361,
374, 375, 366, 366, 375, 367,
375, 372, 367, 367, 372, 364,
371, 376, 363, 363, 376, 368,
376, 374, 368, 368, 374, 366,
377, 378, 369, 369, 378, 370,
378, 379, 370, 370, 379, 371,
380, 381, 372, 372, 381, 373,
381, 377, 373, 373, 377, 369,
382, 383, 374, 374, 383, 375,
383, 380, 375, 375, 380, 372,
379, 384, 371, 371, 384, 376,
384, 382, 376, 376, 382, 374,
377, 385, 378, 378, 385, 386,
385, 387, 386, 386, 387, 388,
386, 388, 390, 390, 388, 389,
378, 386, 379, 379, 386, 390,
391, 392, 394, 394, 392, 393,
392, 380, 393, 393, 380, 383,
393, 383, 395, 395, 383, 382,
394, 393, 396, 396, 393, 395,
397, 398, 400, 400, 398, 399,
398, 401, 399, 399, 401, 402,
399, 402, 385, 385, 402, 387,
400, 399, 377, 377, 399, 385,
403, 404, 406, 406, 404, 405,
404, 397, 405, 405, 397, 400,
405, 400, 381, 381, 400, 377,
406, 405, 380, 380, 405, 381,
407, 408, 410, 410, 408, 409,
408, 403, 409, 409, 403, 406,
409, 406, 392, 392, 406, 380,
410, 409, 391, 391, 409, 392,
401, 411, 402, 402, 411, 412,
411, 407, 412, 412, 407, 410,
412, 410, 413, 413, 410, 391,
402, 412, 387, 387, 412, 413,
414, 415, 397, 397, 415, 398,
415, 416, 398, 398, 416, 401,
417, 418, 403, 403, 418, 404,
418, 414, 404, 404, 414, 397,
419, 420, 407, 407, 420, 408,
420, 417, 408, 408, 417, 403,
416, 421, 401, 401, 421, 411,
421, 419, 411, 411, 419, 407,
417, 420, 418, 418, 420, 422,
420, 419, 422, 422, 419, 421,
422, 421, 415, 415, 421, 416,
418, 422, 414, 414, 422, 415,
423, 424, 426, 426, 424, 425,
424, 427, 425, 425, 427, 428,
425, 428, 388, 388, 428, 389,
426, 425, 387, 387, 425, 388,
429, 430, 432, 432, 430, 431,
430, 423, 431, 431, 423, 426,
431, 426, 413, 413, 426, 387,
432, 431, 391, 391, 431, 413,
433, 434, 436, 436, 434, 435,
434, 429, 435, 435, 429, 432,
435, 432, 394, 394, 432, 391,
436, 435, 396, 396, 435, 394,
427, 437, 428, 428, 437, 438,
437, 433, 438, 438, 433, 436,
438, 436, 439, 439, 436, 396,
428, 438, 389, 389, 438, 439,
440, 441, 423, 423, 441, 424,
441, 442, 424, 424, 442, 427,
443, 444, 429, 429, 444, 430,
444, 440, 430, 430, 440, 423,
445, 446, 433, 433, 446, 434,
446, 443, 434, 434, 443, 429,
442, 447, 427, 427, 447, 437,
447, 445, 437, 437, 445, 433,
443, 446, 444, 444, 446, 448,
446, 445, 448, 448, 445, 447,
448, 447, 441, 441, 447, 442,
444, 448, 440, 440, 448, 441,
449, 450, 452, 452, 450, 451,
450, 453, 451, 451, 453, 454,
451, 454, 390, 390, 454, 379,
452, 451, 389, 389, 451, 390,
455, 456, 458, 458, 456, 457,
456, 449, 457, 457, 449, 452,
457, 452, 439, 439, 452, 389,
458, 457, 396, 396, 457, 439,
459, 460, 462, 462, 460, 461,
460, 455, 461, 461, 455, 458,
461, 458, 395, 395, 458, 396,
462, 461, 382, 382, 461, 395,
453, 463, 454, 454, 463, 464,
463, 459, 464, 464, 459, 462,
464, 462, 384, 384, 462, 382,
454, 464, 379, 379, 464, 384,
465, 466, 449, 449, 466, 450,
466, 467, 450, 450, 467, 453,
468, 469, 455, 455, 469, 456,
469, 465, 456, 456, 465, 449,
470, 471, 459, 459, 471, 460,
471, 468, 460, 460, 468, 455,
467, 472, 453, 453, 472, 463,
472, 470, 463, 463, 470, 459,
468, 471, 469, 469, 471, 473,
471, 470, 473, 473, 470, 472,
473, 472, 466, 466, 472, 467,
469, 473, 465, 465, 473, 466,
474, 475, 296, 296, 475, 297,
476, 477, 317, 317, 477, 304,
475, 478, 297, 297, 478, 316,
478, 476, 316, 316, 476, 317,
479, 480, 482, 482, 480, 481,
483, 484, 486, 486, 484, 485,
481, 480, 488, 488, 480, 487,
488, 489, 491, 491, 489, 490,
492, 493, 491, 491, 493, 488,
494, 495, 497, 497, 495, 496,
498, 499, 501, 501, 499, 500,
502, 503, 505, 505, 503, 504,
480, 479, 505, 505, 479, 502,
506, 507, 509, 509, 507, 508,
510, 511, 513, 513, 511, 512,
513, 512, 514, 514, 512, 487,
509, 508, 516, 516, 508, 515,
517, 518, 520, 520, 518, 519,
518, 506, 519, 519, 506, 509,
519, 509, 497, 497, 509, 516,
520, 519, 521, 521, 519, 497,
522, 523, 525, 525, 523, 524,
523, 526, 524, 524, 526, 527,
524, 527, 529, 529, 527, 528,
525, 524, 489, 489, 524, 529,
511, 530, 512, 512, 530, 531,
530, 522, 531, 531, 522, 525,
531, 525, 488, 488, 525, 489,
512, 531, 487, 487, 531, 488,
532, 533, 535, 535, 533, 534,
536, 537, 521, 521, 537, 528,
483, 538, 540, 540, 538, 539,
486, 541, 483, 483, 541, 538,
476, 542, 477, 477, 542, 484,
495, 535, 496, 496, 535, 534,
543, 544, 546, 546, 544, 545,
534, 544, 496, 496, 544, 543,
496, 543, 497, 497, 543, 546,
497, 546, 521, 521, 546, 545,
534, 521, 544, 544, 521, 545,
490, 489, 547, 547, 489, 529,
503, 498, 504, 504, 498, 501,
508, 513, 515, 515, 513, 514,
507, 510, 508, 508, 510, 513,
526, 517, 527, 527, 517, 520,
527, 520, 528, 528, 520, 521,
537, 547, 528, 528, 547, 529,
330, 306, 331, 331, 306, 305,
331, 305, 336, 336, 305, 313,
336, 313, 320, 320, 313, 312,
318, 284, 343, 343, 284, 548,
344, 321, 329, 329, 321, 309,
329, 309, 330, 330, 309, 306,
549, 542, 551, 551, 542, 550,
493, 492, 550, 550, 492, 551,
481, 475, 482, 482, 475, 474,
534, 533, 521, 521, 533, 536,
550, 478, 493, 493, 478, 475,
542, 476, 550, 550, 476, 478,
484, 542, 485, 485, 542, 549,
250, 25, 251, 251, 25, 20,
251, 20, 552, 552, 20, 19,
552, 19, 229, 229, 19, 18,
229, 18, 230, 230, 18, 35,
230, 35, 8, 8, 35, 32,
8, 32, 9, 9, 32, 31,
9, 31, 11, 11, 31, 26,
11, 26, 250, 250, 26, 25,
279, 288, 280, 280, 288, 291,
280, 291, 282, 282, 291, 294,
265, 276, 266, 266, 276, 277,
254, 263, 234, 234, 263, 243,
234, 243, 235, 235, 243, 246,
238, 252, 2, 2, 252, 251,
2, 251, 3, 3, 251, 552,
3, 552, 5, 5, 552, 229,
298, 311, 279, 279, 311, 288,
228, 227, 229, 229, 227, 5,
292, 322, 553, 553, 322, 548,
548, 284, 553, 553, 284, 287,
553, 287, 273, 273, 287, 268,
343, 554, 342, 342, 554, 344,
293, 292, 273, 273, 292, 553,
322, 321, 554, 554, 321, 344,
289, 288, 310, 310, 288, 311,
484, 483, 477, 477, 483, 540,
322, 554, 548, 548, 554, 343,
247, 239, 248, 248, 239, 242,
261, 258, 247, 247, 258, 239,
260, 255, 261, 261, 255, 258,
274, 271, 260, 260, 271, 255,
273, 268, 274, 274, 268, 271,
505, 514, 480, 480, 514, 487,
499, 494, 500, 500, 494, 497,
501, 516, 504, 504, 516, 515,
504, 515, 505, 505, 515, 514,
497, 516, 500, 500, 516, 501,
302, 299, 303, 303, 299, 300,
312, 315, 555, 555, 315, 317,
312, 555, 300, 300, 555, 303,
303, 555, 304, 304, 555, 317,
477, 540, 304, 304, 540, 556,
540, 539, 556, 556, 539, 557,
557, 301, 556, 556, 301, 304,
475, 481, 493, 493, 481, 488,
231, 558, 227, 227, 558, 559,
227, 559, 5, 5, 559, 560,
5, 560, 4, 4, 560, 561,
558, 562, 559, 559, 562, 563,
559, 563, 560, 560, 563, 564,
560, 564, 561, 561, 564, 565,
562, 566, 563, 563, 566, 567,
563, 567, 564, 564, 567, 568,
564, 568, 565, 565, 568, 569,
566, 222, 567, 567, 222, 221,
567, 221, 568, 568, 221, 224,
568, 224, 569, 569, 224, 223,
569, 223, 571, 571, 223, 570,
571, 570, 573, 573, 570, 572,
573, 572, 566, 566, 572, 222,
565, 569, 574, 574, 569, 571,
574, 571, 575, 575, 571, 573,
575, 573, 562, 562, 573, 566,
561, 565, 576, 576, 565, 574,
576, 574, 577, 577, 574, 575,
577, 575, 558, 558, 575, 562,
4, 561, 578, 578, 561, 576,
578, 576, 579, 579, 576, 577,
579, 577, 231, 231, 577, 558,
580, 581, 583, 583, 581, 582,
584, 585, 557, 557, 585, 301,
584, 557, 586, 586, 557, 539,
585, 584, 587, 587, 584, 586,
585, 588, 590, 590, 588, 589,
591, 590, 592, 592, 590, 589,
589, 588, 592, 592, 588, 593,
590, 591, 302, 302, 591, 299,
594, 595, 597, 597, 595, 596,
598, 599, 601, 601, 599, 600,
601, 600, 595, 595, 600, 596,
594, 597, 499, 499, 597, 494,
602, 603, 598, 598, 603, 599,
604, 605, 607, 607, 605, 606,
608, 609, 604, 604, 609, 605,
610, 611, 608, 608, 611, 609,
612, 613, 610, 610, 613, 611,
614, 613, 615, 615, 613, 612,
616, 617, 619, 619, 617, 618,
587, 586, 621, 621, 586, 620,
622, 623, 625, 625, 623, 624,
626, 607, 628, 628, 607, 627,
618, 629, 619, 619, 629, 630,
628, 627, 619, 619, 627, 616,
631, 629, 617, 617, 629, 618,
607, 606, 627, 627, 606, 632,
627, 632, 616, 616, 632, 633,
634, 578, 635, 635, 578, 579,
636, 624, 637, 637, 624, 623,
578, 634, 639, 639, 634, 638,
639, 638, 641, 641, 638, 640,
641, 640, 643, 643, 640, 642,
644, 645, 647, 647, 645, 646,
647, 646, 649, 649, 646, 648,
650, 651, 653, 653, 651, 652,
654, 655, 657, 657, 655, 656,
657, 656, 636, 636, 656, 624,
658, 659, 661, 661, 659, 660,
661, 660, 663, 663, 660, 662,
663, 662, 665, 665, 662, 664,
665, 664, 667, 667, 664, 666,
667, 666, 634, 634, 666, 668,
634, 668, 638, 638, 668, 669,
638, 669, 640, 640, 669, 670,
640, 670, 658, 658, 670, 659,
671, 672, 621, 621, 672, 673,
674, 675, 673, 673, 675, 676,
580, 583, 674, 674, 583, 675,
677, 678, 680, 680, 678, 679,
482, 474, 582, 582, 474, 583,
674, 681, 580, 580, 681, 682,
681, 674, 672, 672, 674, 673,
683, 684, 686, 686, 684, 685,
686, 685, 629, 629, 685, 630,
617, 616, 687, 687, 616, 633,
688, 592, 690, 690, 592, 689,
690, 689, 692, 692, 689, 691,
692, 691, 683, 683, 691, 684,
693, 694, 696, 696, 694, 695,
693, 677, 698, 698, 677, 697,
698, 697, 700, 700, 697, 699,
701, 702, 704, 704, 702, 703,
600, 599, 701, 701, 599, 702,
601, 595, 503, 503, 595, 498,
695, 694, 706, 706, 694, 705,
707, 708, 680, 680, 708, 677,
677, 708, 597, 597, 708, 709,
597, 709, 711, 711, 709, 710,
711, 710, 680, 680, 710, 707,
709, 708, 710, 710, 708, 707,
711, 680, 495, 495, 680, 535,
587, 621, 676, 676, 621, 673,
620, 538, 712, 712, 538, 541,
586, 539, 620, 620, 539, 538,
677, 693, 678, 678, 693, 696,
535, 680, 532, 532, 680, 679,
603, 581, 714, 714, 581, 713,
581, 705, 713, 713, 705, 715,
713, 715, 717, 717, 715, 716,
714, 713, 718, 718, 713, 717,
705, 694, 715, 715, 694, 719,
694, 693, 719, 719, 693, 698,
719, 698, 720, 720, 698, 700,
715, 719, 716, 716, 719, 720,
677, 597, 697, 697, 597, 721,
597, 596, 721, 721, 596, 722,
721, 722, 724, 724, 722, 723,
697, 721, 699, 699, 721, 724,
596, 600, 722, 722, 600, 701,
599, 603, 702, 702, 603, 714,
702, 714, 703, 703, 714, 718,
722, 701, 723, 723, 701, 704,
598, 502, 602, 602, 502, 479,
598, 601, 502, 502, 601, 503,
595, 594, 498, 498, 594, 499,
597, 711, 494, 494, 711, 495,
725, 581, 682, 682, 581, 580,
725, 706, 581, 581, 706, 705,
581, 603, 582, 582, 603, 602,
712, 671, 620, 620, 671, 621,
482, 582, 479, 479, 582, 602,
726, 588, 675, 675, 588, 676,
727, 726, 583, 583, 726, 675,
588, 585, 676, 676, 585, 587,
296, 727, 474, 474, 727, 583,
728, 729, 731, 731, 729, 730,
729, 732, 730, 730, 732, 733,
730, 733, 735, 735, 733, 734,
731, 730, 736, 736, 730, 735,
737, 738, 733, 733, 738, 734,
739, 737, 732, 732, 737, 733,
740, 741, 735, 735, 741, 736,
738, 740, 734, 734, 740, 735,
742, 743, 731, 731, 743, 728,
741, 742, 736, 736, 742, 731,
744, 739, 729, 729, 739, 732,
743, 744, 728, 728, 744, 729,
745, 746, 748, 748, 746, 747,
746, 749, 747, 747, 749, 750,
747, 750, 737, 737, 750, 738,
748, 747, 739, 739, 747, 737,
749, 751, 750, 750, 751, 752,
751, 753, 752, 752, 753, 754,
752, 754, 740, 740, 754, 741,
750, 752, 738, 738, 752, 740,
753, 755, 754, 754, 755, 756,
755, 757, 756, 756, 757, 758,
756, 758, 742, 742, 758, 743,
754, 756, 741, 741, 756, 742,
757, 759, 758, 758, 759, 760,
759, 745, 760, 760, 745, 748,
760, 748, 744, 744, 748, 739,
758, 760, 743, 743, 760, 744,
761, 762, 764, 764, 762, 763,
762, 765, 763, 763, 765, 766,
763, 766, 768, 768, 766, 767,
764, 763, 769, 769, 763, 768,
770, 771, 766, 766, 771, 767,
772, 770, 765, 765, 770, 766,
773, 774, 768, 768, 774, 769,
771, 773, 767, 767, 773, 768,
775, 776, 764, 764, 776, 761,
774, 775, 769, 769, 775, 764,
777, 772, 762, 762, 772, 765,
776, 777, 761, 761, 777, 762,
757, 755, 779, 779, 755, 778,
755, 753, 778, 778, 753, 780,
778, 780, 770, 770, 780, 771,
779, 778, 772, 772, 778, 770,
753, 781, 780, 780, 781, 782,
781, 783, 782, 782, 783, 784,
782, 784, 773, 773, 784, 774,
780, 782, 771, 771, 782, 773,
783, 785, 784, 784, 785, 786,
785, 787, 786, 786, 787, 788,
786, 788, 775, 775, 788, 776,
784, 786, 774, 774, 786, 775,
787, 789, 788, 788, 789, 790,
789, 757, 790, 790, 757, 779,
790, 779, 777, 777, 779, 772,
788, 790, 776, 776, 790, 777,
791, 792, 794, 794, 792, 793,
792, 795, 793, 793, 795, 796,
793, 796, 798, 798, 796, 797,
794, 793, 799, 799, 793, 798,
800, 801, 796, 796, 801, 797,
802, 800, 795, 795, 800, 796,
803, 804, 798, 798, 804, 799,
801, 803, 797, 797, 803, 798,
805, 806, 794, 794, 806, 791,
804, 805, 799, 799, 805, 794,
807, 802, 792, 792, 802, 795,
806, 807, 791, 791, 807, 792,
787, 785, 809, 809, 785, 808,
785, 783, 808, 808, 783, 810,
808, 810, 800, 800, 810, 801,
809, 808, 802, 802, 808, 800,
783, 811, 810, 810, 811, 812,
811, 813, 812, 812, 813, 814,
812, 814, 803, 803, 814, 804,
810, 812, 801, 801, 812, 803,
813, 815, 814, 814, 815, 816,
815, 817, 816, 816, 817, 818,
816, 818, 805, 805, 818, 806,
814, 816, 804, 804, 816, 805,
817, 819, 818, 818, 819, 820,
819, 787, 820, 820, 787, 809,
820, 809, 807, 807, 809, 802,
818, 820, 806, 806, 820, 807,
753, 751, 781, 781, 751, 821,
751, 749, 821, 821, 749, 822,
821, 822, 811, 811, 822, 813,
781, 821, 783, 783, 821, 811,
745, 759, 824, 824, 759, 823,
759, 757, 823, 823, 757, 789,
823, 789, 819, 819, 789, 787,
824, 823, 817, 817, 823, 819,
825, 826, 746, 746, 826, 749,
827, 825, 745, 745, 825, 746,
828, 829, 822, 822, 829, 813,
826, 828, 749, 749, 828, 822,
830, 831, 815, 815, 831, 817,
829, 830, 813, 813, 830, 815,
832, 827, 824, 824, 827, 745,
831, 832, 817, 817, 832, 824,
833, 834, 825, 825, 834, 826,
835, 833, 827, 827, 833, 825,
836, 837, 828, 828, 837, 829,
834, 836, 826, 826, 836, 828,
838, 839, 830, 830, 839, 831,
837, 838, 829, 829, 838, 830,
840, 835, 832, 832, 835, 827,
839, 840, 831, 831, 840, 832,
841, 842, 833, 833, 842, 834,
843, 841, 835, 835, 841, 833,
844, 845, 836, 836, 845, 837,
842, 844, 834, 834, 844, 836,
846, 847, 838, 838, 847, 839,
845, 846, 837, 837, 846, 838,
848, 843, 840, 840, 843, 835,
847, 848, 839, 839, 848, 840,
849, 850, 852, 852, 850, 851,
850, 853, 851, 851, 853, 854,
851, 854, 841, 841, 854, 842,
852, 851, 843, 843, 851, 841,
853, 855, 854, 854, 855, 856,
855, 857, 856, 856, 857, 858,
856, 858, 844, 844, 858, 845,
854, 856, 842, 842, 856, 844,
857, 859, 858, 858, 859, 860,
859, 861, 860, 860, 861, 862,
860, 862, 846, 846, 862, 847,
858, 860, 845, 845, 860, 846,
861, 863, 862, 862, 863, 864,
863, 849, 864, 864, 849, 852,
864, 852, 848, 848, 852, 843,
862, 864, 847, 847, 864, 848,
686, 629, 865, 865, 629, 631,
631, 617, 866, 866, 617, 687,
631, 866, 850, 850, 866, 853,
865, 631, 849, 849, 631, 850,
687, 867, 866, 866, 867, 868,
867, 688, 868, 868, 688, 869,
868, 869, 855, 855, 869, 857,
866, 868, 853, 853, 868, 855,
688, 690, 869, 869, 690, 870,
690, 692, 870, 870, 692, 871,
870, 871, 859, 859, 871, 861,
869, 870, 857, 857, 870, 859,
692, 683, 871, 871, 683, 872,
683, 686, 872, 872, 686, 865,
872, 865, 863, 863, 865, 849,
871, 872, 861, 861, 872, 863,
625, 628, 630, 630, 628, 619,
622, 625, 685, 685, 625, 630,
591, 592, 867, 867, 592, 688,
633, 591, 687, 687, 591, 867,
588, 726, 593, 593, 726, 873,
726, 727, 873, 873, 727, 874,
873, 874, 689, 689, 874, 691,
593, 873, 592, 592, 873, 689,
727, 637, 874, 874, 637, 875,
637, 623, 875, 875, 623, 622,
875, 622, 684, 684, 622, 685,
874, 875, 691, 691, 875, 684,
585, 590, 301, 301, 590, 302,
591, 633, 299, 299, 633, 285,
637, 295, 636, 636, 295, 278,
637, 727, 295, 295, 727, 296,
655, 876, 656, 656, 876, 877,
877, 626, 625, 625, 626, 628,
656, 877, 624, 624, 877, 625,
606, 269, 632, 632, 269, 286,
632, 286, 633, 633, 286, 285,
283, 654, 281, 281, 654, 657,
281, 657, 278, 278, 657, 636,
651, 878, 652, 652, 878, 879,
878, 608, 879, 879, 608, 604,
879, 604, 876, 876, 604, 607,
609, 256, 605, 605, 256, 270,
605, 270, 606, 606, 270, 269,
267, 650, 264, 264, 650, 653,
646, 880, 648, 648, 880, 881,
880, 612, 881, 881, 612, 610,
881, 610, 878, 878, 610, 608,
613, 240, 611, 611, 240, 257,
611, 257, 609, 609, 257, 256,
233, 647, 253, 253, 647, 649,
882, 642, 658, 658, 642, 640,
658, 661, 882, 882, 661, 614,
883, 615, 880, 880, 615, 612,
645, 883, 646, 646, 883, 880,
661, 10, 614, 614, 10, 241,
614, 241, 613, 613, 241, 240,
1, 641, 237, 237, 641, 643,
236, 644, 233, 233, 644, 647,
217, 884, 232, 232, 884, 885,
232, 885, 231, 231, 885, 579,
886, 887, 667, 667, 887, 665,
667, 634, 886, 886, 634, 635,
886, 635, 885, 885, 635, 579,
887, 886, 884, 884, 886, 885,
570, 223, 572, 572, 223, 222,
7, 665, 220, 220, 665, 887,
220, 887, 217, 217, 887, 884,
888, 889, 891, 891, 889, 890,
889, 892, 890, 890, 892, 893,
890, 893, 895, 895, 893, 894,
891, 890, 896, 896, 890, 895,
897, 894, 898, 898, 894, 893,
898, 893, 899, 899, 893, 892,
900, 896, 901, 901, 896, 895,
901, 895, 897, 897, 895, 894,
902, 888, 903, 903, 888, 891,
903, 891, 900, 900, 891, 896,
899, 892, 904, 904, 892, 889,
904, 889, 902, 902, 889, 888,
905, 906, 908, 908, 906, 907,
906, 909, 907, 907, 909, 910,
907, 910, 898, 898, 910, 897,
908, 907, 899, 899, 907, 898,
909, 911, 910, 910, 911, 912,
911, 913, 912, 912, 913, 914,
912, 914, 901, 901, 914, 900,
910, 912, 897, 897, 912, 901,
913, 915, 914, 914, 915, 916,
915, 917, 916, 916, 917, 918,
916, 918, 903, 903, 918, 902,
914, 916, 900, 900, 916, 903,
917, 919, 918, 918, 919, 920,
919, 905, 920, 920, 905, 908,
920, 908, 904, 904, 908, 899,
918, 920, 902, 902, 920, 904,
921, 922, 924, 924, 922, 923,
925, 926, 923, 923, 926, 924,
927, 928, 923, 923, 928, 925,
929, 927, 922, 922, 927, 923,
925, 928, 926, 926, 928, 930,
931, 932, 924, 924, 932, 921,
930, 931, 926, 926, 931, 924,
921, 932, 922, 922, 932, 929,
933, 934, 936, 936, 934, 935,
934, 937, 935, 935, 937, 938,
935, 938, 927, 927, 938, 928,
936, 935, 929, 929, 935, 927,
937, 939, 938, 938, 939, 940,
928, 938, 930, 930, 938, 940,
939, 941, 940, 940, 941, 942,
941, 943, 942, 942, 943, 944,
942, 944, 931, 931, 944, 932,
940, 942, 930, 930, 942, 931,
943, 933, 944, 944, 933, 936,
932, 944, 929, 929, 944, 936,
945, 946, 948, 948, 946, 947,
946, 949, 947, 947, 949, 950,
947, 950, 952, 952, 950, 951,
948, 947, 953, 953, 947, 952,
954, 951, 955, 955, 951, 950,
955, 950, 956, 956, 950, 949,
957, 953, 958, 958, 953, 952,
958, 952, 954, 954, 952, 951,
959, 945, 960, 960, 945, 948,
960, 948, 957, 957, 948, 953,
956, 949, 961, 961, 949, 946,
961, 946, 959, 959, 946, 945,
943, 941, 963, 963, 941, 962,
941, 939, 962, 962, 939, 964,
962, 964, 955, 955, 964, 954,
963, 962, 956, 956, 962, 955,
939, 965, 964, 964, 965, 966,
965, 967, 966, 966, 967, 968,
966, 968, 958, 958, 968, 957,
964, 966, 954, 954, 966, 958,
967, 969, 968, 968, 969, 970,
969, 971, 970, 970, 971, 972,
970, 972, 960, 960, 972, 959,
968, 970, 957, 957, 970, 960,
971, 973, 972, 972, 973, 974,
973, 943, 974, 974, 943, 963,
974, 963, 961, 961, 963, 956,
972, 974, 959, 959, 974, 961,
975, 976, 978, 978, 976, 977,
979, 980, 977, 977, 980, 978,
981, 979, 982, 982, 979, 977,
982, 977, 983, 983, 977, 976,
984, 980, 981, 981, 980, 979,
985, 975, 986, 986, 975, 978,
986, 978, 984, 984, 978, 980,
983, 976, 985, 985, 976, 975,
971, 969, 988, 988, 969, 987,
969, 967, 987, 987, 967, 989,
987, 989, 982, 982, 989, 981,
988, 987, 983, 983, 987, 982,
967, 909, 989, 989, 909, 990,
981, 989, 984, 984, 989, 990,
909, 906, 990, 990, 906, 991,
906, 905, 991, 991, 905, 992,
991, 992, 986, 986, 992, 985,
990, 991, 984, 984, 991, 986,
905, 971, 992, 992, 971, 988,
985, 992, 983, 983, 992, 988,
939, 937, 965, 965, 937, 993,
967, 965, 909, 909, 965, 993,
933, 943, 994, 994, 943, 973,
905, 994, 971, 971, 994, 973,
937, 995, 993, 993, 995, 996,
995, 997, 996, 996, 997, 998,
996, 998, 911, 911, 998, 913,
993, 996, 909, 909, 996, 911,
999, 1000, 1002, 1002, 1000, 1001,
1000, 933, 1001, 1001, 933, 994,
1001, 994, 919, 919, 994, 905,
1002, 1001, 917, 917, 1001, 919,
999, 1003, 1000, 1000, 1003, 1004,
1003, 997, 1004, 1004, 997, 995,
1004, 995, 934, 934, 995, 937,
1000, 1004, 933, 933, 1004, 934,
1005, 1006, 1008, 1008, 1006, 1007,
1006, 1009, 1007, 1007, 1009, 1010,
1007, 1010, 1003, 1003, 1010, 997,
1008, 1007, 999, 999, 1007, 1003,
1009, 1011, 1010, 1010, 1011, 1012,
1011, 1013, 1012, 1012, 1013, 1014,
1012, 1014, 998, 998, 1014, 913,
1010, 1012, 997, 997, 1012, 998,
1013, 1015, 1014, 1014, 1015, 1016,
1015, 1017, 1016, 1016, 1017, 1018,
1016, 1018, 915, 915, 1018, 917,
1014, 1016, 913, 913, 1016, 915,
1017, 1019, 1018, 1018, 1019, 1020,
1019, 1005, 1020, 1020, 1005, 1008,
1020, 1008, 1002, 1002, 1008, 999,
1018, 1020, 917, 917, 1020, 1002,
1021, 1022, 1006, 1006, 1022, 1009,
1023, 1021, 1005, 1005, 1021, 1006,
1024, 1025, 1011, 1011, 1025, 1013,
1022, 1024, 1009, 1009, 1024, 1011,
1026, 1027, 1015, 1015, 1027, 1017,
1025, 1026, 1013, 1013, 1026, 1015,
1028, 1023, 1019, 1019, 1023, 1005,
1027, 1028, 1017, 1017, 1028, 1019,
1029, 1030, 1021, 1021, 1030, 1022,
1031, 1029, 1023, 1023, 1029, 1021,
1032, 1033, 1024, 1024, 1033, 1025,
1030, 1032, 1022, 1022, 1032, 1024,
1034, 1035, 1026, 1026, 1035, 1027,
1033, 1034, 1025, 1025, 1034, 1026,
1036, 1031, 1028, 1028, 1031, 1023,
1035, 1036, 1027, 1027, 1036, 1028,
1037, 1038, 1029, 1029, 1038, 1030,
1039, 1037, 1031, 1031, 1037, 1029,
1040, 1041, 1032, 1032, 1041, 1033,
1038, 1040, 1030, 1030, 1040, 1032,
1042, 1043, 1034, 1034, 1043, 1035,
1041, 1042, 1033, 1033, 1042, 1034,
1044, 1039, 1036, 1036, 1039, 1031,
1043, 1044, 1035, 1035, 1044, 1036,
1045, 1046, 1048, 1048, 1046, 1047,
1046, 1049, 1047, 1047, 1049, 1050,
1047, 1050, 1037, 1037, 1050, 1038,
1048, 1047, 1039, 1039, 1047, 1037,
1049, 1051, 1050, 1050, 1051, 1052,
1051, 1053, 1052, 1052, 1053, 1054,
1052, 1054, 1040, 1040, 1054, 1041,
1050, 1052, 1038, 1038, 1052, 1040,
1053, 1055, 1054, 1054, 1055, 1056,
1055, 1057, 1056, 1056, 1057, 1058,
1056, 1058, 1042, 1042, 1058, 1043,
1054, 1056, 1041, 1041, 1056, 1042,
1057, 1059, 1058, 1058, 1059, 1060,
1059, 1045, 1060, 1060, 1045, 1048,
1060, 1048, 1044, 1044, 1048, 1039,
1058, 1060, 1043, 1043, 1060, 1044,
1061, 1062, 1046, 1046, 1062, 1049,
1063, 1061, 1045, 1045, 1061, 1046,
1064, 1065, 1051, 1051, 1065, 1053,
1062, 1064, 1049, 1049, 1064, 1051,
1066, 1067, 1055, 1055, 1067, 1057,
1065, 1066, 1053, 1053, 1066, 1055,
1068, 1063, 1059, 1059, 1063, 1045,
1067, 1068, 1057, 1057, 1068, 1059,
1069, 1070, 1061, 1061, 1070, 1062,
1071, 1069, 1063, 1063, 1069, 1061,
1072, 1073, 1064, 1064, 1073, 1065,
1070, 1072, 1062, 1062, 1072, 1064,
1074, 1075, 1066, 1066, 1075, 1067,
1073, 1074, 1065, 1065, 1074, 1066,
1076, 1071, 1068, 1068, 1071, 1063,
1075, 1076, 1067, 1067, 1076, 1068,
668, 666, 1078, 1078, 666, 1077,
666, 664, 1077, 1077, 664, 1079,
1077, 1079, 1069, 1069, 1079, 1070,
1078, 1077, 1071, 1071, 1077, 1069,
664, 662, 1079, 1079, 662, 1080,
662, 660, 1080, 1080, 660, 1081,
1080, 1081, 1072, 1072, 1081, 1073,
1079, 1080, 1070, 1070, 1080, 1072,
660, 659, 1081, 1081, 659, 1082,
659, 670, 1082, 1082, 670, 1083,
1082, 1083, 1074, 1074, 1083, 1075,
1081, 1082, 1073, 1073, 1082, 1074,
670, 669, 1083, 1083, 669, 1084,
669, 668, 1084, 1084, 668, 1078,
1084, 1078, 1076, 1076, 1078, 1071,
1083, 1084, 1075, 1075, 1084, 1076,
661, 663, 10, 10, 663, 6,
663, 665, 6, 6, 665, 7,
578, 639, 4, 4, 639, 0,
639, 641, 0, 0, 641, 1,
1085, 1086, 1088, 1088, 1086, 1087,
1089, 1088, 1090, 1090, 1088, 1087,
1091, 1086, 1092, 1092, 1086, 1085,
264, 1089, 265, 265, 1089, 1090,
1093, 1094, 1096, 1096, 1094, 1095,
1097, 1093, 1098, 1098, 1093, 1096,
1094, 1099, 1095, 1095, 1099, 1100,
253, 1097, 254, 254, 1097, 1098,
1101, 1102, 1104, 1104, 1102, 1103,
1101, 1105, 1102, 1102, 1105, 1106,
1105, 1107, 1106, 1106, 1107, 1108,
1109, 1104, 1110, 1110, 1104, 1103,
1110, 1111, 1109, 1109, 1111, 1112,
1112, 1111, 1114, 1114, 1111, 1113,
1113, 1115, 1114, 1114, 1115, 1116,
1117, 1116, 1118, 1118, 1116, 1115,
1099, 1119, 1100, 1100, 1119, 1120,
1119, 1117, 1120, 1120, 1117, 1118,
1121, 1108, 1122, 1122, 1108, 1107,
1123, 1124, 1126, 1126, 1124, 1125,
1124, 1127, 1125, 1125, 1127, 1128,
1127, 1121, 1128, 1128, 1121, 1122,
282, 1123, 283, 283, 1123, 1126,
1100, 1120, 1095, 1095, 1120, 1129,
1115, 1129, 1118, 1118, 1129, 1120,
1130, 1096, 1129, 1129, 1096, 1095,
1129, 1115, 1130, 1130, 1115, 1113,
1131, 1111, 1103, 1103, 1111, 1110,
1086, 1131, 1087, 1087, 1131, 1103,
1096, 1130, 1086, 1086, 1130, 1131,
1111, 1131, 1113, 1113, 1131, 1130,
1087, 1103, 1132, 1132, 1103, 1102,
1098, 1096, 1091, 1091, 1096, 1086,
1090, 1087, 1133, 1133, 1087, 1132,
1134, 1127, 1123, 1123, 1127, 1124,
1135, 1121, 1134, 1134, 1121, 1127,
1106, 1108, 1135, 1135, 1108, 1121,
1102, 1106, 1132, 1132, 1106, 1135,
1132, 1135, 1133, 1133, 1135, 1134,
1133, 1134, 282, 282, 1134, 1123,
294, 1136, 282, 282, 1136, 1133,
1133, 1136, 1090, 1090, 1136, 1137,
1091, 1138, 1098, 1098, 1138, 1139,
254, 1098, 263, 263, 1098, 1139,
266, 1091, 267, 267, 1091, 1092,
277, 1138, 266, 266, 1138, 1091,
265, 1090, 276, 276, 1090, 1137,
1136, 1140, 1137, 1137, 1140, 1141,
276, 1137, 275, 275, 1137, 1141,
272, 1140, 294, 294, 1140, 1136,
1140, 272, 1141, 1141, 272, 275,
259, 1142, 277, 277, 1142, 1138,
1138, 1142, 1139, 1139, 1142, 1143,
263, 1139, 262, 262, 1139, 1143,
1142, 259, 1143, 1143, 259, 262,
1088, 1144, 1085, 1085, 1144, 1145,
1146, 1144, 1089, 1089, 1144, 1088,
1092, 1085, 1147, 1147, 1085, 1145,
653, 1146, 264, 264, 1146, 1089,
1148, 1149, 1093, 1093, 1149, 1094,
1150, 1148, 1097, 1097, 1148, 1093,
1149, 1151, 1094, 1094, 1151, 1099,
649, 1150, 253, 253, 1150, 1097,
1104, 1152, 1101, 1101, 1152, 1153,
1153, 1154, 1101, 1101, 1154, 1105,
1154, 1155, 1105, 1105, 1155, 1107,
1156, 1152, 1109, 1109, 1152, 1104,
1109, 1112, 1156, 1156, 1112, 1157,
1114, 1158, 1112, 1112, 1158, 1157,
1114, 1116, 1158, 1158, 1116, 1159,
1160, 1159, 1117, 1117, 1159, 1116,
1151, 1161, 1099, 1099, 1161, 1119,
1161, 1160, 1119, 1119, 1160, 1117,
1122, 1107, 1162, 1162, 1107, 1155,
1126, 1125, 1164, 1164, 1125, 1163,
1125, 1128, 1163, 1163, 1128, 1165,
1128, 1122, 1165, 1165, 1122, 1162,
283, 1126, 654, 654, 1126, 1164,
1149, 1166, 1151, 1151, 1166, 1161,
1160, 1161, 1159, 1159, 1161, 1166,
1166, 1149, 1167, 1167, 1149, 1148,
1167, 1158, 1166, 1166, 1158, 1159,
1152, 1156, 1168, 1168, 1156, 1157,
1144, 1152, 1145, 1145, 1152, 1168,
1145, 1168, 1148, 1148, 1168, 1167,
1158, 1167, 1157, 1157, 1167, 1168,
1169, 1153, 1144, 1144, 1153, 1152,
1147, 1145, 1150, 1150, 1145, 1148,
1170, 1169, 1146, 1146, 1169, 1144,
1164, 1163, 1171, 1171, 1163, 1165,
1171, 1165, 1172, 1172, 1165, 1162,
1172, 1162, 1154, 1154, 1162, 1155,
1169, 1172, 1153, 1153, 1172, 1154,
1170, 1171, 1169, 1169, 1171, 1172,
654, 1164, 1170, 1170, 1164, 1171,
654, 1170, 655, 655, 1170, 1173,
1146, 1174, 1170, 1170, 1174, 1173,
1150, 1175, 1147, 1147, 1175, 1176,
648, 1175, 649, 649, 1175, 1150,
267, 1092, 650, 650, 1092, 1147,
650, 1147, 651, 651, 1147, 1176,
652, 1174, 653, 653, 1174, 1146,
1174, 1177, 1173, 1173, 1177, 1178,
879, 1177, 652, 652, 1177, 1174,
655, 1173, 876, 876, 1173, 1178,
1177, 879, 1178, 1178, 879, 876,
651, 1176, 878, 878, 1176, 1179,
1175, 1180, 1176, 1176, 1180, 1179,
881, 1180, 648, 648, 1180, 1175,
1180, 881, 1179, 1179, 881, 878,
1181, 1182, 1184, 1184, 1182, 1183,
1185, 1186, 1181, 1181, 1186, 1182,
1187, 1188, 1185, 1185, 1188, 1186,
1184, 1183, 1187, 1187, 1183, 1188,
1187, 1185, 1190, 1190, 1185, 1189,
1181, 1184, 1192, 1192, 1184, 1191,
1188, 1183, 1186, 1186, 1183, 1182,
1189, 1192, 1190, 1190, 1192, 1191,
1184, 1187, 1191, 1191, 1187, 1190,
1185, 1181, 1189, 1189, 1181, 1192,
1193, 1194, 1196, 1196, 1194, 1195,
1197, 1198, 1193, 1193, 1198, 1194,
1199, 1200, 1197, 1197, 1200, 1198,
1196, 1195, 1199, 1199, 1195, 1200,
1199, 1197, 1202, 1202, 1197, 1201,
1193, 1196, 1204, 1204, 1196, 1203,
1200, 1195, 1198, 1198, 1195, 1194,
1201, 1204, 1202, 1202, 1204, 1203,
1196, 1199, 1203, 1203, 1199, 1202,
1197, 1193, 1201, 1201, 1193, 1204,
1205, 1206, 1208, 1208, 1206, 1207,
1209, 1210, 1205, 1205, 1210, 1206,
1211, 1212, 1209, 1209, 1212, 1210,
1208, 1207, 1211, 1211, 1207, 1212,
1211, 1209, 1214, 1214, 1209, 1213,
1205, 1208, 1216, 1216, 1208, 1215,
1212, 1207, 1210, 1210, 1207, 1206,
1213, 1216, 1214, 1214, 1216, 1215,
1208, 1211, 1215, 1215, 1211, 1214,
1209, 1205, 1213, 1213, 1205, 1216,
1217, 1218, 1220, 1220, 1218, 1219,
1221, 1222, 1217, 1217, 1222, 1218,
1223, 1224, 1221, 1221, 1224, 1222,
1220, 1219, 1223, 1223, 1219, 1224,
1223, 1221, 1226, 1226, 1221, 1225,
1217, 1220, 1228, 1228, 1220, 1227,
1224, 1219, 1222, 1222, 1219, 1218,
1225, 1228, 1226, 1226, 1228, 1227,
1220, 1223, 1227, 1227, 1223, 1226,
1221, 1217, 1225, 1225, 1217, 1228,
1229, 1230, 1232, 1232, 1230, 1231,
1232, 1231, 1234, 1234, 1231, 1233,
1234, 1233, 1236, 1236, 1233, 1235,
1236, 1235, 1229, 1229, 1235, 1230,
1237, 1238, 1236, 1236, 1238, 1234,
1239, 1240, 1232, 1232, 1240, 1229,
1233, 1231, 1235, 1235, 1231, 1230,
1237, 1240, 1238, 1238, 1240, 1239,
1240, 1237, 1229, 1229, 1237, 1236,
1238, 1239, 1234, 1234, 1239, 1232,
1241, 1242, 1244, 1244, 1242, 1243,
1244, 1243, 1246, 1246, 1243, 1245,
1246, 1245, 1248, 1248, 1245, 1247,
1248, 1247, 1241, 1241, 1247, 1242,
1249, 1250, 1248, 1248, 1250, 1246,
1251, 1252, 1244, 1244, 1252, 1241,
1245, 1243, 1247, 1247, 1243, 1242,
1249, 1252, 1250, 1250, 1252, 1251,
1252, 1249, 1241, 1241, 1249, 1248,
1250, 1251, 1246, 1246, 1251, 1244,
1253, 1254, 1256, 1256, 1254, 1255,
1256, 1255, 1258, 1258, 1255, 1257,
1258, 1257, 1260, 1260, 1257, 1259,
1260, 1259, 1253, 1253, 1259, 1254,
1261, 1262, 1260, 1260, 1262, 1258,
1263, 1264, 1256, 1256, 1264, 1253,
1257, 1255, 1259, 1259, 1255, 1254,
1261, 1264, 1262, 1262, 1264, 1263,
1264, 1261, 1253, 1253, 1261, 1260,
1262, 1263, 1258, 1258, 1263, 1256,
1265, 1266, 1268, 1268, 1266, 1267,
1268, 1267, 1270, 1270, 1267, 1269,
1270, 1269, 1272, 1272, 1269, 1271,
1272, 1271, 1265, 1265, 1271, 1266,
1273, 1274, 1272, 1272, 1274, 1270,
1275, 1276, 1268, 1268, 1276, 1265,
1269, 1267, 1271, 1271, 1267, 1266,
1273, 1276, 1274, 1274, 1276, 1275,
1276, 1273, 1265, 1265, 1273, 1272,
1274, 1275, 1270, 1270, 1275, 1268,
1277, 1278, 1280, 1280, 1278, 1279,
1281, 1278, 1282, 1282, 1278, 1277,
1283, 1284, 1281, 1281, 1284, 1278,
1285, 1279, 1284, 1284, 1279, 1278,
1286, 1283, 1287, 1287, 1283, 1281,
1287, 1281, 1288, 1288, 1281, 1282,
1285, 1289, 1279, 1279, 1289, 1290,
1279, 1290, 1280, 1280, 1290, 1291,
1290, 1292, 1291, 1291, 1292, 1293,
1289, 1294, 1290, 1290, 1294, 1292,
1294, 1295, 1292, 1292, 1295, 1296,
1292, 1296, 1293, 1293, 1296, 1297,
1298, 541, 1299, 1299, 541, 486,
1300, 712, 1298, 1298, 712, 541,
1301, 1287, 1302, 1302, 1287, 1288,
1303, 1286, 1301, 1301, 1286, 1287,
1303, 1301, 679, 679, 1301, 532,
533, 532, 1302, 1302, 532, 1301,
1286, 1303, 678, 678, 1303, 679,
536, 533, 1288, 1288, 533, 1302,
1288, 1282, 547, 547, 1282, 490,
547, 537, 1288, 1288, 537, 536,
1282, 1277, 490, 490, 1277, 491,
1280, 492, 1277, 1277, 492, 491,
1284, 725, 1285, 1285, 725, 682,
706, 725, 1283, 1283, 725, 1284,
695, 706, 1286, 1286, 706, 1283,
1286, 678, 695, 695, 678, 696,
1295, 1294, 671, 671, 1294, 672,
1295, 671, 1300, 1300, 671, 712,
1294, 1289, 672, 672, 1289, 681,
1289, 1285, 681, 681, 1285, 682,
486, 485, 1299, 1299, 485, 1297,
485, 549, 1297, 1297, 549, 1293,
549, 551, 1293, 1293, 551, 1291,
551, 492, 1291, 1291, 492, 1280,
704, 703, 1305, 1305, 703, 1304,
703, 718, 1304, 1304, 718, 717,
1304, 717, 720, 720, 717, 716,
1305, 1304, 700, 700, 1304, 720,
724, 1305, 699, 699, 1305, 700,
723, 704, 724, 724, 704, 1305,
517, 526, 518, 518, 526, 1306,
526, 523, 1306, 1306, 523, 1307,
1306, 1307, 507, 507, 1307, 510,
518, 1306, 506, 506, 1306, 507,
523, 522, 1307, 1307, 522, 530,
1307, 530, 510, 510, 530, 511,
876, 607, 877, 877, 607, 626,
245, 248, 249, 249, 248, 242,
246, 245, 252, 252, 245, 249,
235, 246, 238, 238, 246, 252,
236, 235, 237, 237, 235, 238,
237, 643, 236, 236, 643, 644,
643, 642, 644, 644, 642, 645,
642, 882, 645, 645, 882, 883,
882, 614, 883, 883, 614, 615,
1296, 1298, 1297, 1297, 1298, 1299,
1295, 1300, 1296, 1296, 1300, 1298,
