227196, 244857, 244858, 244858, 244857, 262514,
227212, 244869, 244870, 244870, 244869, 262515,
227228, 244881, 244882, 244882, 244881, 262516,
227244, 244893, 244894, 244894, 244893, 262517,
227260, 244905, 244906, 244906, 244905, 262518,
227276, 244917, 244893, 244893, 244917, 262517,
227292, 244927, 244905, 244905, 244927, 262518,
227308, 244937, 244938, 244938, 244937, 262519,
227324, 244949, 244950, 244950, 244949, 262520,
227340, 244894, 244960, 244960, 244894, 262517,
227356, 244971, 244972, 244972, 244971, 262521,
227372, 244983, 244937, 244937, 244983, 262519,
227388, 244993, 244994, 244994, 244993, 262522,
227404, 245005, 244927, 244927, 245005, 262518,
227420, 244950, 245014, 245014, 244950, 262520,
227436, 244972, 245024, 245024, 244972, 262521,
227452, 245035, 245036, 245036, 245035, 262523,
227468, 245047, 244983, 244983, 245047, 262519,
227484, 245057, 245058, 245058, 245057, 262524,
227500, 245069, 245070, 245070, 245069, 262525,
227516, 245081, 244993, 244993, 245081, 262522,
227532, 245091, 245092, 245092, 245091, 262526,
227548, 245014, 245102, 245102, 245014, 262520,
227564, 245113, 245035, 245035, 245113, 262523,
227580, 245024, 245122, 245122, 245024, 262521,
227596, 245122, 245132, 245132, 245122, 262521,
227612, 245143, 245144, 245144, 245143, 262522,
227628, 245144, 245081, 245081, 245144, 262522,
227644, 245070, 245162, 245162, 245070, 262525,
227660, 245162, 245172, 245172, 245162, 262525,
227676, 245183, 245113, 245113, 245183, 262523,
227692, 245193, 245194, 245194, 245193, 262527,
227708, 245205, 245206, 245206, 245205, 262528,
227724, 245217, 245218, 245218, 245217, 262529,
227740, 245229, 245193, 245193, 245229, 262527,
227756, 245239, 245240, 245240, 245239, 262530,
227772, 245251, 245217, 245217, 245251, 262529,
227788, 245206, 245260, 245260, 245206, 262528,
227804, 245271, 245239, 245239, 245271, 262530,
227820, 245218, 245251, 245251, 245218, 262529,
227836, 245240, 245271, 245271, 245240, 262530,
227852, 245260, 245205, 245205, 245260, 262528,
227868, 245194, 245229, 245229, 245194, 262527,
227884, 245313, 245057, 245057, 245313, 262524,
227900, 245036, 245322, 245322, 245036, 262523,
227916, 245322, 245183, 245183, 245322, 262523,
227932, 245172, 245340, 245340, 245172, 262525,
227948, 245340, 245069, 245069, 245340, 262525,
227964, 245092, 245358, 245358, 245092, 262526,
227980, 245358, 245368, 245368, 245358, 262526,
227996, 245379, 245313, 245313, 245379, 262524,
228012, 245389, 245390, 245390, 245389, 262531,
228028, 245401, 245402, 245402, 245401, 262532,
228044, 245413, 245414, 245414, 245413, 262533,
228060, 245425, 245389, 245389, 245425, 262531,
228076, 245435, 245436, 245436, 245435, 262534,
228092, 245447, 245413, 245413, 245447, 262533,
228108, 245402, 245456, 245456, 245402, 262532,
228124, 245467, 245435, 245435, 245467, 262534,
228140, 245414, 245447, 245447, 245414, 262533,
228156, 245436, 245467, 245467, 245436, 262534,
228172, 245456, 245401, 245401, 245456, 262532,
228188, 245390, 245425, 245425, 245390, 262531,
228204, 245509, 245047, 245047, 245509, 262519,
228220, 245058, 245518, 245518, 245058, 262524,
228236, 245518, 245379, 245379, 245518, 262524,
228252, 245368, 245536, 245536, 245368, 262526,
228268, 245536, 245091, 245091, 245536, 262526,
228284, 245102, 245554, 245554, 245102, 262520,
228300, 245554, 244949, 244949, 245554, 262520,
228316, 244938, 245509, 245509, 244938, 262519,
228332, 245581, 245582, 245582, 245581, 262535,
228348, 245593, 245594, 245594, 245593, 262536,
228364, 245605, 245606, 245606, 245605, 262537,
228380, 245617, 245581, 245581, 245617, 262535,
228396, 245627, 245628, 245628, 245627, 262538,
228412, 245639, 245605, 245605, 245639, 262537,
228428, 245594, 245648, 245648, 245594, 262536,
228444, 245659, 245627, 245627, 245659, 262538,
228460, 245606, 245639, 245639, 245606, 262537,
228476, 245628, 245659, 245659, 245628, 262538,
228492, 245648, 245593, 245593, 245648, 262536,
228508, 245582, 245617, 245617, 245582, 262535,
228524, 245701, 244971, 244971, 245701, 262521,
228540, 244960, 245710, 245710, 244960, 262517,
228556, 245710, 244917, 244917, 245710, 262517,
228572, 244906, 245728, 245728, 244906, 262518,
228588, 245728, 245005, 245005, 245728, 262518,
228604, 244994, 245746, 245746, 244994, 262522,
228620, 245746, 245143, 245143, 245746, 262522,
228636, 245132, 245701, 245701, 245132, 262521,
228652, 245773, 245774, 245774, 245773, 262539,
228668, 245785, 245786, 245786, 245785, 262540,
228684, 245797, 245798, 245798, 245797, 262541,
228700, 245809, 245773, 245773, 245809, 262539,
228716, 245819, 245820, 245820, 245819, 262542,
228732, 245831, 245797, 245797, 245831, 262541,
228748, 245786, 245840, 245840, 245786, 262540,
228764, 245851, 245819, 245819, 245851, 262542,
228780, 245798, 245831, 245831, 245798, 262541,
228796, 245820, 245851, 245851, 245820, 262542,
228812, 245840, 245785, 245785, 245840, 262540,
228828, 245774, 245809, 245809, 245774, 262539,
228844, 245893, 245894, 245894, 245893, 262543,
228860, 245905, 244869, 244869, 245905, 262515,
228876, 245915, 245916, 245916, 245915, 262544,
228892, 245927, 245928, 245928, 245927, 262545,
228908, 245894, 245938, 245938, 245894, 262543,
228924, 245949, 245950, 245950, 245949, 262546,
228940, 245961, 245962, 245962, 245961, 262547,
228956, 245962, 245972, 245972, 245962, 262547,
228972, 245983, 245984, 245984, 245983, 262548,
228988, 245995, 245905, 245905, 245995, 262515,
229004, 246005, 245949, 245949, 246005, 262546,
229020, 245938, 245893, 245893, 245938, 262543,
229036, 246023, 246024, 246024, 246023, 262549,
229052, 246035, 246023, 246023, 246035, 262549,
229068, 244882, 246044, 246044, 244882, 262516,
229084, 246055, 246056, 246056, 246055, 262550,
229100, 246067, 246035, 246035, 246067, 262549,
229116, 246044, 246076, 246076, 246044, 262516,
229132, 246087, 246088, 246088, 246087, 262551,
229148, 246099, 246100, 246100, 246099, 262552,
229164, 246111, 246112, 246112, 246111, 262553,
229180, 246123, 246111, 246111, 246123, 262553,
229196, 246133, 246123, 246123, 246133, 262553,
229212, 246143, 246144, 246144, 246143, 262554,
229228, 246155, 246156, 246156, 246155, 262555,
229244, 246167, 246168, 246168, 246167, 262556,
229260, 246179, 246167, 246167, 246179, 262556,
229276, 246100, 246188, 246188, 246100, 262552,
229292, 246199, 246179, 246179, 246199, 262556,
229308, 246188, 246208, 246208, 246188, 262552,
229324, 246219, 246220, 246220, 246219, 262557,
229340, 246231, 246232, 246232, 246231, 262558,
229356, 246243, 246244, 246244, 246243, 262559,
229372, 246244, 246254, 246254, 246244, 262559,
229388, 246265, 246266, 246266, 246265, 262560,
229404, 246144, 246276, 246276, 246144, 262554,
229420, 246266, 246286, 246286, 246266, 262560,
229436, 246297, 246155, 246155, 246297, 262555,
229452, 246276, 246306, 246306, 246276, 262554,
229468, 246317, 246318, 246318, 246317, 262561,
229484, 246329, 246330, 246330, 246329, 262562,
229500, 246330, 246340, 246340, 246330, 262562,
229516, 246232, 246350, 246350, 246232, 262558,
229532, 246361, 246362, 246362, 246361, 262563,
229548, 246373, 246374, 246374, 246373, 262564,
229564, 246385, 246386, 246386, 246385, 262565,
229580, 246397, 246398, 246398, 246397, 262562,
229596, 246398, 246329, 246329, 246398, 262562,
229612, 246318, 246416, 246416, 246318, 262561,
229628, 246427, 246428, 246428, 246427, 262566,
229644, 246439, 246440, 246440, 246439, 262567,
229660, 246416, 246450, 246450, 246416, 262561,
229676, 246461, 246439, 246439, 246461, 262567,
229692, 246471, 246472, 246472, 246471, 262568,
229708, 246483, 246361, 246361, 246483, 262563,
229724, 246350, 246492, 246492, 246350, 262558,
229740, 246503, 246504, 246504, 246503, 262566,
229756, 246515, 246483, 246483, 246515, 262563,
229772, 246525, 246526, 246526, 246525, 262559,
229788, 246254, 246525, 246525, 246254, 262559,
229804, 246545, 246546, 246546, 246545, 262569,
229820, 246557, 246545, 246545, 246557, 262569,
229836, 246567, 246557, 246557, 246567, 262569,
229852, 246546, 246576, 246576, 246546, 262569,
229868, 246587, 246588, 246588, 246587, 262570,
229884, 246599, 246600, 246600, 246599, 262571,
229900, 246611, 246612, 246612, 246611, 262572,
229916, 246623, 246587, 246587, 246623, 262570,
229932, 246633, 246634, 246634, 246633, 262573,
229948, 246645, 246611, 246611, 246645, 262572,
229964, 246600, 246654, 246654, 246600, 262571,
229980, 246665, 246633, 246633, 246665, 262573,
229996, 246588, 246674, 246674, 246588, 262570,
230012, 246685, 246686, 246686, 246685, 262574,
230028, 246697, 246698, 246698, 246697, 262575,
230044, 246709, 246599, 246599, 246709, 262571,
230060, 246719, 246720, 246720, 246719, 262576,
230076, 246731, 246645, 246645, 246731, 262572,
230092, 246634, 246740, 246740, 246634, 262573,
230108, 246751, 246752, 246752, 246751, 262577,
230124, 246763, 246685, 246685, 246763, 262574,
230140, 246674, 246772, 246772, 246674, 262570,
230156, 246772, 246623, 246623, 246772, 262570,
230172, 246612, 246790, 246790, 246612, 262572,
230188, 246790, 246731, 246731, 246790, 262572,
230204, 246720, 246808, 246808, 246720, 262576,
230220, 246808, 246818, 246818, 246808, 262576,
230236, 246829, 246763, 246763, 246829, 262574,
230252, 246839, 246840, 246840, 246839, 262578,
230268, 246851, 246852, 246852, 246851, 262579,
230284, 246863, 246864, 246864, 246863, 262580,
230300, 246875, 246839, 246839, 246875, 262578,
230316, 246885, 246886, 246886, 246885, 262581,
230332, 246897, 246863, 246863, 246897, 262580,
230348, 246852, 246906, 246906, 246852, 262579,
230364, 246917, 246885, 246885, 246917, 262581,
230380, 246864, 246897, 246897, 246864, 262580,
230396, 246886, 246917, 246917, 246886, 262581,
230412, 246906, 246851, 246851, 246906, 262579,
230428, 246840, 246875, 246875, 246840, 262578,
230444, 246959, 246697, 246697, 246959, 262575,
230460, 246686, 246968, 246968, 246686, 262574,
230476, 246968, 246829, 246829, 246968, 262574,
230492, 246818, 246986, 246986, 246818, 262576,
230508, 246986, 246719, 246719, 246986, 262576,
230524, 246752, 247004, 247004, 246752, 262577,
230540, 247004, 247014, 247014, 247004, 262577,
230556, 247025, 246959, 246959, 247025, 262575,
230572, 247035, 247036, 247036, 247035, 262582,
230588, 247047, 247048, 247048, 247047, 262583,
230604, 247059, 247060, 247060, 247059, 262584,
230620, 247071, 247035, 247035, 247071, 262582,
230636, 247081, 247082, 247082, 247081, 262585,
230652, 247093, 247059, 247059, 247093, 262584,
230668, 247048, 247102, 247102, 247048, 262583,
230684, 247113, 247081, 247081, 247113, 262585,
230700, 247060, 247093, 247093, 247060, 262584,
230716, 247082, 247113, 247113, 247082, 262585,
230732, 247102, 247047, 247047, 247102, 262583,
230748, 247036, 247071, 247071, 247036, 262582,
230764, 247155, 246709, 246709, 247155, 262571,
230780, 246698, 247164, 247164, 246698, 262575,
230796, 247164, 247025, 247025, 247164, 262575,
230812, 247014, 247182, 247182, 247014, 262577,
230828, 247182, 246751, 246751, 247182, 262577,
230844, 246740, 247200, 247200, 246740, 262573,
230860, 247200, 246665, 246665, 247200, 262573,
230876, 246654, 247155, 247155, 246654, 262571,
230892, 247227, 247228, 247228, 247227, 262586,
230908, 247239, 247240, 247240, 247239, 262587,
230924, 247251, 247252, 247252, 247251, 262588,
230940, 247263, 247227, 247227, 247263, 262586,
230956, 247273, 247274, 247274, 247273, 262589,
230972, 247285, 247251, 247251, 247285, 262588,
230988, 247240, 247294, 247294, 247240, 262587,
231004, 247305, 247273, 247273, 247305, 262589,
231020, 247252, 247285, 247285, 247252, 262588,
231036, 247274, 247305, 247305, 247274, 262589,
231052, 247294, 247239, 247239, 247294, 262587,
231068, 247228, 247263, 247263, 247228, 262586,
231084, 247347, 247348, 247348, 247347, 262590,
231100, 247359, 246317, 246317, 247359, 262561,
231116, 247369, 247370, 247370, 247369, 262564,
231132, 247381, 247382, 247382, 247381, 262568,
231148, 247348, 247392, 247392, 247348, 262590,
231164, 246450, 247359, 247359, 246450, 262561,
231180, 247382, 246471, 246471, 247382, 262568,
231196, 247419, 247420, 247420, 247419, 262591,
231212, 247431, 247432, 247432, 247431, 262591,
231228, 247443, 247431, 247431, 247443, 262591,
231244, 247453, 247454, 247454, 247453, 262592,
231260, 247465, 247466, 247466, 247465, 262593,
231276, 247477, 247478, 247478, 247477, 262594,
231292, 247489, 247490, 247490, 247489, 262595,
231308, 247501, 247502, 247502, 247501, 262596,
231324, 247513, 247477, 247477, 247513, 262594,
231340, 247523, 247524, 247524, 247523, 262592,
231356, 247524, 247534, 247534, 247524, 262592,
231372, 247545, 247546, 247546, 247545, 262597,
231388, 247557, 247558, 247558, 247557, 262598,
231404, 247490, 247568, 247568, 247490, 262595,
231420, 247579, 247557, 247557, 247579, 262598,
231436, 247432, 247588, 247588, 247432, 262591,
231452, 247588, 247419, 247419, 247588, 262591,
231468, 247607, 247608, 247608, 247607, 262599,
231484, 247619, 247620, 247620, 247619, 262600,
231500, 247631, 247632, 247632, 247631, 262597,
231516, 247608, 247642, 247642, 247608, 262599,
231532, 247653, 247654, 247654, 247653, 262601,
231548, 247665, 247666, 247666, 247665, 262602,
231564, 247677, 247678, 247678, 247677, 262603,
231580, 247689, 247690, 247690, 247689, 262604,
231596, 247642, 247700, 247700, 247642, 262599,
231612, 247711, 247665, 247665, 247711, 262602,
231628, 247654, 247720, 247720, 247654, 262601,
231644, 247720, 247653, 247653, 247720, 262601,
231660, 247690, 247738, 247738, 247690, 262604,
231676, 247749, 247453, 247453, 247749, 262592,
231692, 247534, 247749, 247749, 247534, 262592,
231708, 247738, 247689, 247689, 247738, 262604,
231724, 247678, 247774, 247774, 247678, 262603,
231740, 247785, 247545, 247545, 247785, 262597,
231756, 247700, 247794, 247794, 247700, 262599,
231772, 247805, 247785, 247785, 247805, 262597,
231788, 247774, 247677, 247677, 247774, 262603,
231804, 247666, 247711, 247711, 247666, 262602,
231820, 247831, 247501, 247501, 247831, 262596,
231836, 247546, 247631, 247631, 247546, 262597,
231852, 247620, 247848, 247848, 247620, 262600,
231868, 246428, 246503, 246503, 246428, 262566,
231884, 246492, 247866, 247866, 246492, 262558,
231900, 247877, 247347, 247347, 247877, 262590,
231916, 247794, 247607, 247607, 247794, 262599,
231932, 247632, 247805, 247805, 247632, 262597,
231948, 247392, 247902, 247902, 247392, 262590,
231964, 247913, 246087, 246087, 247913, 262551,
231980, 247923, 247913, 247913, 247923, 262551,
231996, 247933, 247934, 247934, 247933, 262548,
232012, 245984, 247933, 247933, 245984, 262548,
232028, 247953, 245995, 245995, 247953, 262515,
232044, 244870, 247953, 247953, 244870, 262515,
232060, 247971, 244881, 244881, 247971, 262516,
232076, 246076, 247971, 247971, 246076, 262516,
232092, 247989, 246219, 246219, 247989, 262557,
232108, 246088, 247998, 247998, 246088, 262551,
232124, 247998, 247923, 247923, 247998, 262551,
232140, 247934, 248016, 248016, 247934, 262548,
232156, 248027, 244857, 244857, 248027, 262514,
232172, 246340, 246397, 246397, 246340, 262562,
232188, 246386, 248044, 248044, 246386, 262565,
232204, 245972, 245961, 245961, 245972, 262547,
232220, 245950, 248062, 248062, 245950, 262546,
232236, 248073, 248027, 248027, 248073, 262514,
232252, 248016, 245983, 245983, 248016, 262548,
232268, 247866, 246231, 246231, 247866, 262558,
232284, 248099, 248100, 248100, 248099, 262555,
232300, 248111, 248112, 248112, 248111, 262605,
232316, 246576, 246567, 246567, 246576, 262569,
232332, 246286, 246265, 246265, 246286, 262560,
232348, 248100, 246297, 246297, 248100, 262555,
232364, 248112, 248146, 248146, 248112, 262605,
232380, 246526, 246243, 246243, 246526, 262559,
232396, 248044, 246385, 246385, 248044, 262565,
232412, 248146, 248111, 248111, 248146, 262605,
232428, 246024, 248180, 248180, 246024, 262549,
232444, 248191, 246055, 246055, 248191, 262550,
232460, 246156, 248099, 248099, 246156, 262555,
232476, 247454, 248208, 248208, 247454, 262592,
232492, 248219, 247465, 247465, 248219, 262593,
232508, 248208, 247523, 247523, 248208, 262592,
232524, 247466, 248219, 248219, 247466, 262593,
232540, 246362, 248244, 248244, 246362, 262563,
232556, 248255, 246427, 246427, 248255, 262566,
232572, 246440, 246461, 246461, 246440, 262567,
232588, 246472, 248272, 248272, 246472, 262568,
232604, 248283, 248284, 248284, 248283, 262606,
232620, 246504, 248255, 248255, 246504, 262566,
232636, 248284, 248302, 248302, 248284, 262606,
232652, 248244, 246515, 246515, 248244, 262563,
232668, 248302, 248283, 248283, 248302, 262606,
232684, 248272, 247381, 247381, 248272, 262568,
232700, 247370, 246373, 246373, 247370, 262564,
232716, 248345, 248346, 248346, 248345, 262607,
232732, 248357, 247369, 247369, 248357, 262564,
232748, 248367, 248345, 248345, 248367, 262607,
232764, 246374, 248357, 248357, 246374, 262564,
232780, 248346, 248367, 248367, 248346, 262607,
232796, 247902, 247877, 247877, 247902, 262590,
232812, 247420, 247443, 247443, 247420, 262591,
232828, 248409, 246005, 246005, 248409, 262546,
232844, 248062, 248409, 248409, 248062, 262546,
232860, 248427, 248073, 248073, 248427, 262514,
232876, 244858, 248427, 248427, 244858, 262514,
232892, 245916, 248444, 248444, 245916, 262544,
232908, 248444, 245915, 245915, 248444, 262544,
232924, 245928, 248462, 248462, 245928, 262545,
232940, 248462, 245927, 245927, 248462, 262545,
232956, 248481, 248482, 248482, 248481, 262608,
232972, 248482, 248492, 248492, 248482, 262608,
232988, 248503, 248504, 248504, 248503, 262609,
233004, 248504, 248514, 248514, 248504, 262609,
233020, 248525, 248526, 248526, 248525, 262610,
233036, 248537, 248525, 248525, 248537, 262610,
233052, 248547, 248548, 248548, 248547, 262611,
233068, 248559, 248547, 248547, 248559, 262611,
233084, 248569, 248570, 248570, 248569, 262612,
233100, 248581, 248582, 248582, 248581, 262613,
233116, 248593, 248594, 248594, 248593, 262614,
233132, 248605, 248606, 248606, 248605, 262615,
233148, 248617, 248593, 248593, 248617, 262614,
233164, 248627, 248605, 248605, 248627, 262615,
233180, 248594, 248617, 248617, 248594, 262614,
233196, 248645, 248646, 248646, 248645, 262615,
233212, 248657, 248658, 248658, 248657, 262616,
233228, 248669, 248670, 248670, 248669, 262617,
233244, 248681, 248682, 248682, 248681, 262618,
233260, 248670, 248692, 248692, 248670, 262617,
233276, 248703, 248704, 248704, 248703, 262619,
233292, 248692, 248669, 248669, 248692, 262617,
233308, 248658, 248722, 248722, 248658, 262616,
233324, 248733, 248734, 248734, 248733, 262620,
233340, 248745, 248703, 248703, 248745, 262619,
233356, 248682, 248754, 248754, 248682, 262618,
233372, 248765, 248766, 248766, 248765, 262621,
233388, 248777, 248778, 248778, 248777, 262622,
233404, 248789, 248765, 248765, 248789, 262621,
233420, 248778, 248798, 248798, 248778, 262622,
233436, 248809, 248810, 248810, 248809, 262623,
233452, 248821, 248822, 248822, 248821, 262624,
233468, 248833, 248834, 248834, 248833, 262625,
233484, 248845, 248846, 248846, 248845, 262626,
233500, 248857, 248858, 248858, 248857, 262627,
233516, 248869, 248870, 248870, 248869, 262628,
233532, 248881, 248882, 248882, 248881, 262629,
233548, 248893, 248894, 248894, 248893, 262623,
233564, 248846, 248904, 248904, 248846, 262626,
233580, 248915, 248916, 248916, 248915, 262630,
233596, 248904, 248845, 248845, 248904, 262626,
233612, 248894, 248809, 248809, 248894, 262623,
233628, 248943, 248944, 248944, 248943, 262631,
233644, 248955, 248956, 248956, 248955, 262632,
233660, 248967, 248537, 248537, 248967, 262610,
233676, 248548, 248976, 248976, 248548, 262611,
233692, 248987, 248988, 248988, 248987, 262633,
233708, 248858, 248998, 248998, 248858, 262627,
233724, 249009, 249010, 249010, 249009, 262634,
233740, 249021, 248967, 248967, 249021, 262610,
233756, 248956, 249030, 249030, 248956, 262632,
233772, 249041, 249042, 249042, 249041, 262635,
233788, 249042, 249052, 249052, 249042, 262635,
233804, 249063, 249064, 249064, 249063, 262636,
233820, 249075, 249076, 249076, 249075, 262637,
233836, 249087, 249075, 249075, 249087, 262637,
233852, 249097, 249098, 249098, 249097, 262638,
233868, 249109, 249097, 249097, 249109, 262638,
233884, 249119, 249120, 249120, 249119, 262632,
233900, 249030, 249119, 249119, 249030, 262632,
233916, 249139, 249041, 249041, 249139, 262635,
233932, 249149, 249139, 249139, 249149, 262635,
233948, 248582, 249158, 249158, 248582, 262613,
233964, 249169, 249170, 249170, 249169, 262639,
233980, 249181, 249182, 249182, 249181, 262640,
233996, 249193, 248581, 248581, 249193, 262613,
234012, 248944, 249202, 249202, 248944, 262631,
234028, 249213, 249214, 249214, 249213, 262619,
234044, 249225, 249226, 249226, 249225, 262641,
234060, 249237, 249238, 249238, 249237, 262639,
234076, 249249, 249250, 249250, 249249, 262642,
234092, 249261, 249262, 249262, 249261, 262643,
234108, 249273, 249274, 249274, 249273, 262644,
234124, 249285, 249169, 249169, 249285, 262639,
234140, 249182, 249294, 249294, 249182, 262640,
234156, 249305, 249285, 249285, 249305, 262639,
234172, 249274, 249314, 249314, 249274, 262644,
234188, 249325, 249326, 249326, 249325, 262645,
234204, 249337, 249338, 249338, 249337, 262622,
234220, 249349, 249337, 249337, 249349, 262622,
234236, 249326, 249358, 249358, 249326, 262645,
234252, 249369, 249370, 249370, 249369, 262646,
234268, 249370, 249380, 249380, 249370, 262646,
234284, 249391, 249261, 249261, 249391, 262643,
234300, 249294, 249400, 249400, 249294, 262640,
234316, 249358, 249325, 249325, 249358, 262645,
234332, 249314, 249273, 249273, 249314, 262644,
234348, 249262, 249391, 249391, 249262, 262643,
234364, 249380, 249369, 249369, 249380, 262646,
234380, 249400, 249442, 249442, 249400, 262640,
234396, 249170, 249237, 249237, 249170, 262639,
234412, 249226, 249460, 249460, 249226, 262641,
234428, 249442, 249181, 249181, 249442, 262640,
234444, 249479, 249480, 249480, 249479, 262612,
234460, 249480, 249490, 249490, 249480, 262612,
234476, 249501, 249502, 249502, 249501, 262647,
234492, 249513, 249514, 249514, 249513, 262648,
234508, 249525, 249501, 249501, 249525, 262647,
234524, 249238, 249305, 249305, 249238, 262639,
234540, 249338, 249542, 249542, 249338, 262622,
234556, 249542, 248777, 248777, 249542, 262622,
234572, 249561, 249562, 249562, 249561, 262649,
234588, 249573, 249249, 249249, 249573, 262642,
234604, 249514, 249582, 249582, 249514, 262648,
234620, 249593, 249561, 249561, 249593, 262649,
234636, 248766, 248789, 248789, 248766, 262621,
234652, 248798, 249349, 249349, 248798, 262622,
234668, 249619, 248569, 248569, 249619, 262612,
234684, 249490, 249619, 249619, 249490, 262612,
234700, 248570, 249479, 249479, 248570, 262612,
234716, 249645, 249646, 249646, 249645, 262616,
234732, 249657, 249658, 249658, 249657, 262650,
234748, 249158, 249668, 249668, 249158, 262613,
234764, 249646, 248657, 248657, 249646, 262616,
234780, 248646, 248627, 248627, 248646, 262615,
234796, 249695, 249657, 249657, 249695, 262650,
234812, 249668, 249193, 249193, 249668, 262613,
234828, 249713, 249714, 249714, 249713, 262651,
234844, 249725, 249726, 249726, 249725, 262652,
234860, 249737, 249738, 249738, 249737, 262653,
234876, 249749, 249750, 249750, 249749, 262654,
234892, 249761, 249737, 249737, 249761, 262653,
234908, 249726, 249770, 249770, 249726, 262652,
234924, 249781, 249749, 249749, 249781, 262654,
234940, 249738, 249761, 249761, 249738, 262653,
234956, 249799, 249713, 249713, 249799, 262651,
234972, 249750, 249781, 249781, 249750, 262654,
234988, 249770, 249725, 249725, 249770, 262652,
235004, 249714, 249799, 249799, 249714, 262651,
235020, 249833, 249834, 249834, 249833, 262655,
235036, 249845, 249846, 249846, 249845, 262656,
235052, 249846, 249856, 249856, 249846, 262656,
235068, 249867, 249868, 249868, 249867, 262657,
235084, 249868, 249878, 249878, 249868, 262657,
235100, 249889, 249890, 249890, 249889, 262658,
235116, 249890, 249900, 249900, 249890, 262658,
235132, 249911, 249833, 249833, 249911, 262655,
235148, 249921, 249922, 249922, 249921, 262659,
235164, 249933, 249934, 249934, 249933, 262660,
235180, 249945, 249946, 249946, 249945, 262661,
235196, 249957, 249958, 249958, 249957, 262662,
235212, 249969, 249945, 249945, 249969, 262661,
235228, 249934, 249978, 249978, 249934, 262660,
235244, 249989, 249957, 249957, 249989, 262662,
235260, 249946, 249969, 249969, 249946, 262661,
235276, 250007, 249921, 249921, 250007, 262659,
235292, 249958, 249989, 249989, 249958, 262662,
235308, 249978, 249933, 249933, 249978, 262660,
235324, 249922, 250007, 250007, 249922, 262659,
235340, 250041, 249889, 249889, 250041, 262658,
235356, 249878, 250050, 250050, 249878, 262657,
235372, 250050, 250060, 250060, 250050, 262657,
235388, 250071, 250072, 250072, 250071, 262663,
235404, 250072, 250082, 250082, 250072, 262663,
235420, 250093, 250094, 250094, 250093, 262664,
235436, 250094, 250104, 250104, 250094, 262664,
235452, 250115, 250041, 250041, 250115, 262658,
235468, 250125, 250126, 250126, 250125, 262665,
235484, 250137, 250138, 250138, 250137, 262666,
235500, 250149, 250150, 250150, 250149, 262667,
235516, 250161, 250162, 250162, 250161, 262668,
235532, 250173, 250149, 250149, 250173, 262667,
235548, 250138, 250182, 250182, 250138, 262666,
235564, 250193, 250161, 250161, 250193, 262668,
235580, 250150, 250173, 250173, 250150, 262667,
235596, 250211, 250125, 250125, 250211, 262665,
235612, 250162, 250193, 250193, 250162, 262668,
235628, 250182, 250137, 250137, 250182, 262666,
235644, 250126, 250211, 250211, 250126, 262665,
235660, 250245, 250093, 250093, 250245, 262664,
235676, 250082, 250254, 250254, 250082, 262663,
235692, 250254, 250264, 250264, 250254, 262663,
235708, 250275, 250276, 250276, 250275, 262669,
235724, 250276, 250286, 250286, 250276, 262669,
235740, 250297, 250298, 250298, 250297, 262670,
235756, 250298, 250308, 250308, 250298, 262670,
235772, 250319, 250245, 250245, 250319, 262664,
235788, 250060, 249867, 249867, 250060, 262657,
235804, 249856, 250336, 250336, 249856, 262656,
235820, 250347, 250275, 250275, 250347, 262669,
235836, 250264, 250071, 250071, 250264, 262663,
235852, 250365, 249911, 249911, 250365, 262655,
235868, 249900, 250115, 250115, 249900, 262658,
235884, 250104, 250319, 250319, 250104, 262664,
235900, 250308, 250390, 250390, 250308, 262670,
235916, 250401, 249845, 249845, 250401, 262656,
235932, 249834, 250410, 250410, 249834, 262655,
235948, 250421, 250347, 250347, 250421, 262669,
235964, 250336, 250401, 250401, 250336, 262656,
235980, 250439, 250297, 250297, 250439, 262670,
235996, 250286, 250421, 250421, 250286, 262669,
236012, 250410, 250365, 250365, 250410, 262655,
236028, 250390, 250439, 250439, 250390, 262670,
236044, 248916, 250472, 250472, 248916, 262630,
236060, 250483, 248915, 248915, 250483, 262630,
236076, 250493, 250483, 250483, 250493, 262630,
236092, 250472, 250493, 250493, 250472, 262630,
236108, 250511, 250512, 250512, 250511, 262628,
236124, 248870, 250511, 250511, 248870, 262628,
236140, 250531, 248681, 248681, 250531, 262618,
236156, 248704, 249213, 249213, 248704, 262619,
236172, 249202, 250548, 250548, 249202, 262631,
236188, 250559, 250531, 250531, 250559, 262618,
236204, 248722, 249645, 249645, 248722, 262616,
236220, 250577, 248733, 248733, 250577, 262620,
236236, 249658, 250586, 250586, 249658, 262650,
236252, 248734, 250577, 250577, 248734, 262620,
236268, 249214, 248745, 248745, 249214, 262619,
236284, 250586, 250612, 250612, 250586, 262650,
236300, 250623, 250624, 250624, 250623, 262634,
236316, 250624, 249009, 249009, 250624, 262634,
236332, 248998, 248857, 248857, 248998, 262627,
236348, 248606, 248645, 248645, 248606, 262615,
236364, 248754, 250559, 250559, 248754, 262618,
236380, 250548, 250666, 250666, 250548, 262631,
236396, 249010, 250676, 250676, 249010, 262634,
236412, 250676, 250623, 250623, 250676, 262634,
236428, 250612, 249695, 249695, 250612, 262650,
236444, 250703, 250704, 250704, 250703, 262671,
236460, 250715, 248881, 248881, 250715, 262629,
236476, 250512, 250724, 250724, 250512, 262628,
236492, 250724, 248869, 248869, 250724, 262628,
236508, 250666, 248943, 248943, 250666, 262631,
236524, 250751, 249063, 249063, 250751, 262636,
236540, 250761, 250762, 250762, 250761, 262672,
236556, 250773, 250774, 250774, 250773, 262673,
236572, 250762, 250784, 250784, 250762, 262672,
236588, 250795, 250773, 250773, 250795, 262673,
236604, 250805, 250795, 250795, 250805, 262673,
236620, 248810, 250814, 250814, 248810, 262623,
236636, 250825, 250826, 250826, 250825, 262671,
236652, 250837, 250838, 250838, 250837, 262674,
236668, 250849, 250837, 250837, 250849, 262674,
236684, 250859, 250849, 250849, 250859, 262674,
236700, 250784, 250868, 250868, 250784, 262672,
236716, 249052, 249149, 249149, 249052, 262635,
236732, 249076, 250886, 250886, 249076, 262637,
236748, 250897, 250898, 250898, 250897, 262624,
236764, 250909, 248833, 248833, 250909, 262625,
236780, 250886, 250918, 250918, 250886, 262637,
236796, 250929, 250897, 250897, 250929, 262624,
236812, 248822, 250929, 250929, 248822, 262624,
236828, 250947, 250948, 250948, 250947, 262675,
236844, 250959, 248559, 248559, 250959, 262611,
236860, 250969, 249109, 249109, 250969, 262638,
236876, 249120, 248955, 248955, 249120, 262632,
236892, 248988, 250986, 250986, 248988, 262633,
236908, 250986, 248987, 248987, 250986, 262633,
236924, 248976, 250959, 250959, 248976, 262611,
236940, 250948, 251012, 251012, 250948, 262675,
236956, 248492, 248481, 248481, 248492, 262608,
236972, 248514, 248503, 248503, 248514, 262609,
236988, 251039, 250969, 250969, 251039, 262638,
237004, 251012, 250947, 250947, 251012, 262675,
237020, 251057, 251058, 251058, 251057, 262676,
237036, 251069, 251070, 251070, 251069, 262677,
237052, 251081, 251082, 251082, 251081, 262678,
237068, 251093, 251094, 251094, 251093, 262679,
237084, 251105, 251081, 251081, 251105, 262678,
237100, 251070, 251114, 251114, 251070, 262677,
237116, 251125, 251093, 251093, 251125, 262679,
237132, 251082, 251105, 251105, 251082, 262678,
237148, 251143, 251057, 251057, 251143, 262676,
237164, 251094, 251125, 251125, 251094, 262679,
237180, 251114, 251069, 251069, 251114, 262677,
237196, 251058, 251143, 251143, 251058, 262676,
237212, 251177, 251178, 251178, 251177, 262680,
237228, 251189, 251190, 251190, 251189, 262681,
237244, 251190, 251200, 251200, 251190, 262681,
237260, 251211, 251212, 251212, 251211, 262682,
237276, 251212, 251222, 251222, 251212, 262682,
237292, 251233, 251234, 251234, 251233, 262683,
237308, 251234, 251244, 251244, 251234, 262683,
237324, 251255, 251177, 251177, 251255, 262680,
237340, 251265, 251266, 251266, 251265, 262684,
237356, 251277, 251278, 251278, 251277, 262685,
237372, 251289, 251290, 251290, 251289, 262686,
237388, 251301, 251302, 251302, 251301, 262687,
237404, 251313, 251289, 251289, 251313, 262686,
237420, 251278, 251322, 251322, 251278, 262685,
237436, 251290, 251313, 251313, 251290, 262686,
237452, 251341, 251301, 251301, 251341, 262687,
237468, 251351, 251265, 251265, 251351, 262684,
237484, 251302, 251341, 251341, 251302, 262687,
237500, 251266, 251351, 251351, 251266, 262684,
237516, 251322, 251277, 251277, 251322, 262685,
237532, 251385, 251386, 251386, 251385, 262688,
237548, 251397, 251398, 251398, 251397, 262689,
237564, 251398, 251408, 251408, 251398, 262689,
237580, 251419, 251420, 251420, 251419, 262690,
237596, 251420, 251430, 251430, 251420, 262690,
237612, 251441, 251442, 251442, 251441, 262691,
237628, 251442, 251452, 251452, 251442, 262691,
237644, 251463, 251385, 251385, 251463, 262688,
237660, 251473, 251474, 251474, 251473, 262692,
237676, 251485, 251486, 251486, 251485, 262693,
237692, 251497, 251498, 251498, 251497, 262694,
237708, 251509, 251510, 251510, 251509, 262695,
237724, 251521, 251497, 251497, 251521, 262694,
237740, 251486, 251530, 251530, 251486, 262693,
237756, 251541, 251509, 251509, 251541, 262695,
237772, 251498, 251521, 251521, 251498, 262694,
237788, 251559, 251473, 251473, 251559, 262692,
237804, 251510, 251541, 251541, 251510, 262695,
237820, 251530, 251485, 251485, 251530, 262693,
237836, 251474, 251559, 251559, 251474, 262692,
237852, 251593, 251441, 251441, 251593, 262691,
237868, 251430, 251602, 251602, 251430, 262690,
237884, 251602, 251612, 251612, 251602, 262690,
237900, 251623, 251624, 251624, 251623, 262696,
237916, 251624, 251634, 251634, 251624, 262696,
237932, 251645, 251646, 251646, 251645, 262697,
237948, 251646, 251656, 251656, 251646, 262697,
237964, 251667, 251593, 251593, 251667, 262691,
237980, 251677, 251678, 251678, 251677, 262698,
237996, 251689, 251690, 251690, 251689, 262699,
238012, 251701, 251702, 251702, 251701, 262700,
238028, 251713, 251714, 251714, 251713, 262701,
238044, 251725, 251701, 251701, 251725, 262700,
238060, 251690, 251734, 251734, 251690, 262699,
238076, 251745, 251713, 251713, 251745, 262701,
238092, 251702, 251725, 251725, 251702, 262700,
238108, 251763, 251677, 251677, 251763, 262698,
238124, 251714, 251745, 251745, 251714, 262701,
238140, 251734, 251689, 251689, 251734, 262699,
238156, 251678, 251763, 251763, 251678, 262698,
238172, 251797, 251645, 251645, 251797, 262697,
238188, 251634, 251806, 251806, 251634, 262696,
238204, 251806, 251816, 251816, 251806, 262696,
238220, 251827, 251828, 251828, 251827, 262681,
238236, 251828, 251189, 251189, 251828, 262681,
238252, 251178, 251846, 251846, 251178, 262680,
238268, 251846, 251856, 251856, 251846, 262680,
238284, 251867, 251797, 251797, 251867, 262697,
238300, 251612, 251419, 251419, 251612, 262690,
238316, 251408, 251884, 251884, 251408, 262689,
238332, 251816, 251623, 251623, 251816, 262696,
238348, 251903, 251827, 251827, 251903, 262681,
238364, 251913, 251463, 251463, 251913, 262688,
238380, 251452, 251667, 251667, 251452, 262691,
238396, 251856, 251930, 251930, 251856, 262680,
238412, 251656, 251867, 251867, 251656, 262697,
238428, 251884, 251948, 251948, 251884, 262689,
238444, 251959, 251211, 251211, 251959, 262682,
238460, 251200, 251903, 251903, 251200, 262681,
238476, 251977, 251913, 251913, 251977, 262688,
238492, 251930, 251255, 251255, 251930, 262680,
238508, 251244, 251994, 251994, 251244, 262683,
238524, 251948, 251397, 251397, 251948, 262689,
238540, 251386, 251977, 251977, 251386, 262688,
238556, 252021, 251959, 251959, 252021, 262682,
238572, 252031, 251233, 251233, 252031, 262683,
238588, 251222, 252021, 252021, 251222, 262682,
238604, 251994, 252031, 252031, 251994, 262683,
238620, 250918, 249087, 249087, 250918, 262637,
238636, 249098, 251039, 251039, 249098, 262638,
238652, 248526, 249021, 249021, 248526, 262610,
238668, 252081, 252082, 252082, 252081, 262702,
238684, 252093, 252094, 252094, 252093, 262703,
238700, 252094, 252104, 252104, 252094, 262703,
238716, 252115, 252116, 252116, 252115, 262704,
238732, 252127, 252128, 252128, 252127, 262705,
238748, 252139, 252081, 252081, 252139, 262702,
238764, 252116, 252148, 252148, 252116, 262704,
238780, 252159, 252160, 252160, 252159, 262706,
238796, 252160, 252170, 252170, 252160, 262706,
238812, 252181, 252182, 252182, 252181, 262707,
238828, 252193, 252194, 252194, 252193, 262708,
238844, 252182, 252204, 252204, 252182, 262707,
238860, 252215, 252216, 252216, 252215, 262709,
238876, 252227, 252228, 252228, 252227, 262710,
238892, 252216, 252238, 252238, 252216, 262709,
238908, 252249, 252250, 252250, 252249, 262711,
238924, 252250, 252260, 252260, 252250, 262711,
238940, 252271, 252272, 252272, 252271, 262712,
238956, 252283, 252193, 252193, 252283, 262708,
238972, 252272, 252292, 252292, 252272, 262712,
238988, 252303, 252227, 252227, 252303, 262710,
239004, 252313, 252314, 252314, 252313, 262713,
239020, 252314, 252324, 252324, 252314, 262713,
239036, 246220, 252334, 252334, 246220, 262557,
239052, 252194, 252283, 252283, 252194, 262708,
239068, 252292, 252271, 252271, 252292, 262712,
239084, 252361, 252159, 252159, 252361, 262706,
239100, 252260, 252249, 252249, 252260, 262711,
239116, 252238, 252378, 252378, 252238, 262709,
239132, 252082, 252388, 252388, 252082, 262702,
239148, 252378, 252398, 252398, 252378, 262709,
239164, 252409, 252093, 252093, 252409, 262703,
239180, 252419, 252361, 252361, 252419, 262706,
239196, 252388, 252428, 252428, 252388, 262702,
239212, 252439, 252409, 252409, 252439, 262703,
239228, 252398, 252215, 252215, 252398, 262709,
239244, 252457, 252181, 252181, 252457, 262707,
239260, 252170, 252419, 252419, 252170, 262706,
239276, 252428, 252139, 252139, 252428, 262702,
239292, 252128, 252482, 252482, 252128, 262705,
239308, 252493, 252115, 252115, 252493, 262704,
239324, 252104, 252439, 252439, 252104, 262703,
239340, 252511, 252512, 252512, 252511, 262714,
239356, 252324, 252313, 252313, 252324, 262713,
239372, 252228, 252303, 252303, 252228, 262710,
239388, 252539, 252511, 252511, 252539, 262714,
239404, 252549, 252539, 252539, 252549, 262714,
239420, 252334, 252558, 252558, 252334, 262557,
239436, 252569, 252549, 252549, 252569, 262714,
239452, 252558, 247989, 247989, 252558, 262557,
239468, 252512, 252569, 252569, 252512, 262714,
239484, 252595, 252493, 252493, 252595, 262704,
239500, 252482, 252604, 252604, 252482, 262705,
239516, 252615, 252457, 252457, 252615, 262707,
239532, 252204, 252615, 252615, 252204, 262707,
239548, 252633, 252127, 252127, 252633, 262705,
239564, 252604, 252633, 252633, 252604, 262705,
239580, 252148, 252595, 252595, 252148, 262704,
239596, 252659, 252660, 252660, 252659, 262715,
239612, 252671, 252672, 252672, 252671, 262716,
239628, 252672, 252682, 252682, 252672, 262716,
239644, 252693, 246199, 246199, 252693, 262556,
239660, 246306, 252702, 252702, 246306, 262554,
239676, 252713, 252659, 252659, 252713, 262715,
239692, 252660, 252713, 252713, 252660, 262715,
239708, 252702, 246143, 246143, 252702, 262554,
239724, 246168, 252693, 252693, 246168, 262556,
239740, 252682, 252671, 252671, 252682, 262716,
239756, 246208, 252754, 252754, 246208, 262552,
239772, 252765, 252766, 252766, 252765, 262717,
239788, 252766, 252776, 252776, 252766, 262717,
239804, 252787, 252788, 252788, 252787, 262718,
239820, 252788, 252798, 252798, 252788, 262718,
239836, 252809, 246133, 246133, 252809, 262553,
239852, 252776, 252765, 252765, 252776, 262717,
239868, 252754, 246099, 246099, 252754, 262552,
239884, 246112, 252809, 252809, 246112, 262553,
239900, 252798, 252787, 252787, 252798, 262718,
239916, 252851, 252852, 252852, 252851, 262719,
239932, 252863, 252864, 252864, 252863, 262720,
239948, 252875, 252876, 252876, 252875, 262721,
239964, 252887, 252851, 252851, 252887, 262719,
239980, 252864, 252896, 252896, 252864, 262720,
239996, 252907, 252908, 252908, 252907, 262722,
240012, 252919, 252875, 252875, 252919, 262721,
240028, 252929, 252930, 252930, 252929, 262723,
240044, 252941, 252942, 252942, 252941, 262724,
240060, 252953, 252929, 252929, 252953, 262723,
240076, 252963, 252964, 252964, 252963, 262725,
240092, 252975, 252941, 252941, 252975, 262724,
240108, 252985, 252986, 252986, 252985, 262726,
240124, 252997, 252998, 252998, 252997, 262727,
240140, 253009, 253010, 253010, 253009, 262728,
240156, 253021, 252985, 252985, 253021, 262726,
240172, 253031, 253009, 253009, 253031, 262728,
240188, 253041, 253042, 253042, 253041, 262729,
240204, 252964, 253052, 253052, 252964, 262725,
240220, 253063, 253041, 253041, 253063, 262729,
240236, 252998, 253072, 253072, 252998, 262727,
240252, 253083, 253084, 253084, 253083, 262730,
240268, 253095, 253083, 253083, 253095, 262730,
240284, 253105, 250751, 250751, 253105, 262636,
240300, 253052, 252963, 252963, 253052, 262725,
240316, 253042, 253063, 253063, 253042, 262729,
240332, 252930, 253130, 253130, 252930, 262723,
240348, 253141, 253021, 253021, 253141, 262726,
240364, 253010, 253031, 253031, 253010, 262728,
240380, 252852, 253158, 253158, 252852, 262719,
240396, 253169, 253141, 253141, 253169, 262726,
240412, 253179, 252863, 252863, 253179, 262720,
240428, 253189, 253179, 253179, 253189, 262720,
240444, 253130, 253198, 253198, 253130, 262723,
240460, 252986, 253169, 253169, 252986, 262726,
240476, 253158, 253216, 253216, 253158, 262719,
240492, 253227, 252907, 252907, 253227, 262722,
240508, 252896, 253189, 253189, 252896, 262720,
240524, 253198, 252953, 252953, 253198, 262723,
240540, 252942, 253252, 253252, 252942, 262724,
240556, 253263, 253264, 253264, 253263, 262731,
240572, 253216, 252887, 252887, 253216, 262719,
240588, 252876, 253282, 253282, 252876, 262721,
240604, 253084, 253095, 253095, 253084, 262730,
240620, 253072, 252997, 252997, 253072, 262727,
240636, 253264, 253308, 253308, 253264, 262731,
240652, 253319, 253105, 253105, 253319, 262636,
240668, 253308, 253328, 253328, 253308, 262731,
240684, 249064, 253319, 253319, 249064, 262636,
240700, 253328, 253346, 253346, 253328, 262731,
240716, 253282, 253356, 253356, 253282, 262721,
240732, 253346, 253263, 253263, 253346, 262731,
240748, 253252, 253374, 253374, 253252, 262724,
240764, 253385, 253227, 253227, 253385, 262722,
240780, 253374, 252975, 252975, 253374, 262724,
240796, 252908, 253402, 253402, 252908, 262722,
240812, 253402, 253385, 253385, 253402, 262722,
240828, 253356, 252919, 252919, 253356, 262721,
240844, 253429, 253430, 253430, 253429, 262732,
240860, 253441, 253442, 253442, 253441, 262733,
240876, 250774, 253452, 253452, 250774, 262673,
240892, 253463, 253429, 253429, 253463, 262732,
240908, 253442, 253472, 253472, 253442, 262733,
240924, 253483, 250703, 250703, 253483, 262671,
240940, 253430, 253463, 253463, 253430, 262732,
240956, 253452, 250805, 250805, 253452, 262673,
240972, 250826, 253483, 253483, 250826, 262671,
240988, 253472, 253441, 253441, 253472, 262733,
241004, 253525, 253526, 253526, 253525, 262734,
241020, 253537, 250761, 250761, 253537, 262672,
241036, 253547, 253548, 253548, 253547, 262735,
241052, 253559, 253525, 253525, 253559, 262734,
241068, 250838, 253568, 253568, 250838, 262674,
241084, 253579, 253547, 253547, 253579, 262735,
241100, 253548, 253579, 253579, 253548, 262735,
241116, 253568, 250859, 250859, 253568, 262674,
241132, 250868, 253537, 253537, 250868, 262672,
241148, 253526, 253559, 253559, 253526, 262734,
241164, 253621, 253622, 253622, 253621, 262736,
241180, 253633, 253634, 253634, 253633, 262737,
241196, 253645, 253646, 253646, 253645, 262738,
241212, 253657, 253621, 253621, 253657, 262736,
241228, 253667, 253668, 253668, 253667, 262739,
241244, 253679, 253645, 253645, 253679, 262738,
241260, 253634, 253688, 253688, 253634, 262737,
241276, 253699, 253667, 253667, 253699, 262739,
241292, 253709, 253710, 253710, 253709, 262740,
241308, 253721, 253722, 253722, 253721, 262741,
241324, 253733, 253734, 253734, 253733, 262742,
241340, 253745, 253746, 253746, 253745, 262743,
241356, 253668, 253699, 253699, 253668, 262739,
241372, 253688, 253633, 253633, 253688, 262737,
241388, 253622, 253657, 253657, 253622, 262736,
241404, 253646, 253679, 253679, 253646, 262738,
241420, 253710, 253788, 253788, 253710, 262740,
241436, 253799, 253745, 253745, 253799, 262743,
241452, 253734, 253808, 253808, 253734, 262742,
241468, 253819, 253721, 253721, 253819, 262741,
241484, 253722, 253819, 253819, 253722, 262741,
241500, 253808, 253733, 253733, 253808, 262742,
241516, 253746, 253799, 253799, 253746, 262743,
241532, 253788, 253709, 253709, 253788, 262740,
241548, 253861, 253862, 253862, 253861, 262744,
241564, 253873, 253874, 253874, 253873, 262745,
241580, 253885, 253886, 253886, 253885, 262746,
241596, 253897, 253861, 253861, 253897, 262744,
241612, 253907, 253908, 253908, 253907, 262747,
241628, 253919, 253885, 253885, 253919, 262746,
241644, 253874, 253928, 253928, 253874, 262745,
241660, 253939, 253907, 253907, 253939, 262747,
241676, 253949, 253950, 253950, 253949, 262748,
241692, 253961, 253962, 253962, 253961, 262749,
241708, 253973, 253974, 253974, 253973, 262750,
241724, 253985, 253986, 253986, 253985, 262751,
241740, 253908, 253939, 253939, 253908, 262747,
241756, 253928, 253873, 253873, 253928, 262745,
241772, 253862, 253897, 253897, 253862, 262744,
241788, 253886, 253919, 253919, 253886, 262746,
241804, 253950, 254028, 254028, 253950, 262748,
241820, 254039, 253985, 253985, 254039, 262751,
241836, 253974, 254048, 254048, 253974, 262750,
241852, 254059, 253961, 253961, 254059, 262749,
241868, 253962, 254059, 254059, 253962, 262749,
241884, 254048, 253973, 253973, 254048, 262750,
241900, 253986, 254039, 254039, 253986, 262751,
241916, 254028, 253949, 253949, 254028, 262748,
241932, 254101, 254102, 254102, 254101, 262752,
241948, 254113, 254114, 254114, 254113, 262753,
241964, 254125, 254126, 254126, 254125, 262754,
241980, 254137, 254101, 254101, 254137, 262752,
241996, 254147, 254148, 254148, 254147, 262755,
242012, 254159, 254125, 254125, 254159, 262754,
242028, 254114, 254168, 254168, 254114, 262753,
242044, 254179, 254147, 254147, 254179, 262755,
242060, 254189, 254190, 254190, 254189, 262756,
242076, 254201, 254202, 254202, 254201, 262757,
242092, 254213, 254214, 254214, 254213, 262758,
242108, 254225, 254226, 254226, 254225, 262759,
242124, 254148, 254179, 254179, 254148, 262755,
242140, 254168, 254113, 254113, 254168, 262753,
242156, 254102, 254137, 254137, 254102, 262752,
242172, 254126, 254159, 254159, 254126, 262754,
242188, 254190, 254268, 254268, 254190, 262756,
242204, 254279, 254225, 254225, 254279, 262759,
242220, 254214, 254288, 254288, 254214, 262758,
242236, 254299, 254201, 254201, 254299, 262757,
242252, 254202, 254299, 254299, 254202, 262757,
242268, 254288, 254213, 254213, 254288, 262758,
242284, 254226, 254279, 254279, 254226, 262759,
242300, 254268, 254189, 254189, 254268, 262756,
242316, 254341, 254342, 254342, 254341, 262760,
242332, 254353, 254354, 254354, 254353, 262761,
242348, 254365, 254366, 254366, 254365, 262762,
242364, 254377, 254341, 254341, 254377, 262760,
242380, 254387, 254388, 254388, 254387, 262763,
242396, 254399, 254365, 254365, 254399, 262762,
242412, 254354, 254408, 254408, 254354, 262761,
242428, 254419, 254387, 254387, 254419, 262763,
242444, 254429, 254430, 254430, 254429, 262764,
242460, 254441, 254442, 254442, 254441, 262765,
242476, 254453, 254454, 254454, 254453, 262766,
242492, 254465, 254466, 254466, 254465, 262767,
242508, 254388, 254419, 254419, 254388, 262763,
242524, 254408, 254353, 254353, 254408, 262761,
242540, 254342, 254377, 254377, 254342, 262760,
242556, 254366, 254399, 254399, 254366, 262762,
242572, 254430, 254508, 254508, 254430, 262764,
242588, 254519, 254465, 254465, 254519, 262767,
242604, 254454, 254528, 254528, 254454, 262766,
242620, 254539, 254441, 254441, 254539, 262765,
242636, 254442, 254539, 254539, 254442, 262765,
242652, 254528, 254453, 254453, 254528, 262766,
242668, 254466, 254519, 254519, 254466, 262767,
242684, 254508, 254429, 254429, 254508, 262764,
242700, 254581, 254582, 254582, 254581, 262768,
242716, 254593, 254594, 254594, 254593, 262769,
242732, 254594, 254604, 254604, 254594, 262769,
242748, 254615, 254616, 254616, 254615, 262770,
242764, 254616, 254626, 254626, 254616, 262770,
242780, 254637, 254638, 254638, 254637, 262771,
242796, 254638, 254648, 254648, 254638, 262771,
242812, 254659, 254581, 254581, 254659, 262768,
242828, 254669, 254670, 254670, 254669, 262772,
242844, 254681, 254682, 254682, 254681, 262773,
242860, 254693, 254694, 254694, 254693, 262774,
242876, 254705, 254706, 254706, 254705, 262775,
242892, 254626, 254615, 254615, 254626, 262770,
242908, 254604, 254593, 254593, 254604, 262769,
242924, 254582, 254659, 254659, 254582, 262768,
242940, 254648, 254637, 254637, 254648, 262771,
242956, 254670, 254748, 254748, 254670, 262772,
242972, 254759, 254705, 254705, 254759, 262775,
242988, 254694, 254768, 254768, 254694, 262774,
243004, 254779, 254681, 254681, 254779, 262773,
243020, 254706, 254759, 254759, 254706, 262775,
243036, 254748, 254669, 254669, 254748, 262772,
243052, 254682, 254779, 254779, 254682, 262773,
243068, 254768, 254693, 254693, 254768, 262774,
243084, 254821, 254822, 254822, 254821, 262776,
243100, 254833, 254834, 254834, 254833, 262777,
243116, 254834, 254844, 254844, 254834, 262777,
243132, 254855, 254856, 254856, 254855, 262778,
243148, 254856, 254866, 254866, 254856, 262778,
243164, 254877, 254878, 254878, 254877, 262779,
243180, 254878, 254888, 254888, 254878, 262779,
243196, 254899, 254821, 254821, 254899, 262776,
243212, 254909, 254910, 254910, 254909, 262780,
243228, 254921, 254922, 254922, 254921, 262781,
243244, 254933, 254934, 254934, 254933, 262782,
243260, 254945, 254946, 254946, 254945, 262783,
243276, 254866, 254855, 254855, 254866, 262778,
243292, 254844, 254833, 254833, 254844, 262777,
243308, 254822, 254899, 254899, 254822, 262776,
243324, 254888, 254877, 254877, 254888, 262779,
243340, 254910, 254988, 254988, 254910, 262780,
243356, 254999, 254945, 254945, 254999, 262783,
243372, 254934, 255008, 255008, 254934, 262782,
243388, 255019, 254921, 254921, 255019, 262781,
243404, 254946, 254999, 254999, 254946, 262783,
243420, 254988, 254909, 254909, 254988, 262780,
243436, 254922, 255019, 255019, 254922, 262781,
243452, 255008, 254933, 254933, 255008, 262782,
243468, 255061, 255062, 255062, 255061, 262784,
243484, 255073, 255074, 255074, 255073, 262785,
243500, 255074, 255084, 255084, 255074, 262785,
243516, 255095, 255096, 255096, 255095, 262786,
243532, 255096, 255106, 255106, 255096, 262786,
243548, 255117, 255118, 255118, 255117, 262787,
243564, 255118, 255128, 255128, 255118, 262787,
243580, 255139, 255061, 255061, 255139, 262784,
243596, 255149, 255150, 255150, 255149, 262788,
243612, 255161, 255162, 255162, 255161, 262789,
243628, 255173, 255174, 255174, 255173, 262790,
243644, 255185, 255186, 255186, 255185, 262791,
243660, 255106, 255095, 255095, 255106, 262786,
243676, 255084, 255073, 255073, 255084, 262785,
243692, 255062, 255139, 255139, 255062, 262784,
243708, 255128, 255117, 255117, 255128, 262787,
243724, 255150, 255228, 255228, 255150, 262788,
243740, 255239, 255185, 255185, 255239, 262791,
243756, 255174, 255248, 255248, 255174, 262790,
243772, 255259, 255161, 255161, 255259, 262789,
243788, 255186, 255239, 255239, 255186, 262791,
243804, 255228, 255149, 255149, 255228, 262788,
243820, 255162, 255259, 255259, 255162, 262789,
243836, 255248, 255173, 255173, 255248, 262790,
243852, 255301, 255302, 255302, 255301, 262792,
243868, 255313, 255314, 255314, 255313, 262793,
243884, 255314, 255324, 255324, 255314, 262793,
243900, 255335, 255336, 255336, 255335, 262794,
243916, 255336, 255346, 255346, 255336, 262794,
243932, 255357, 255358, 255358, 255357, 262795,
243948, 255358, 255368, 255368, 255358, 262795,
243964, 255379, 255301, 255301, 255379, 262792,
243980, 255389, 255390, 255390, 255389, 262796,
243996, 255401, 255402, 255402, 255401, 262797,
244012, 255413, 255414, 255414, 255413, 262798,
244028, 255425, 255426, 255426, 255425, 262799,
244044, 255346, 255335, 255335, 255346, 262794,
244060, 255324, 255313, 255313, 255324, 262793,
244076, 255302, 255379, 255379, 255302, 262792,
244092, 255368, 255357, 255357, 255368, 262795,
244108, 255390, 255468, 255468, 255390, 262796,
244124, 255479, 255425, 255425, 255479, 262799,
244140, 255414, 255488, 255488, 255414, 262798,
244156, 255499, 255401, 255401, 255499, 262797,
244172, 255426, 255479, 255479, 255426, 262799,
244188, 255468, 255389, 255389, 255468, 262796,
244204, 255402, 255499, 255499, 255402, 262797,
244220, 255488, 255413, 255413, 255488, 262798,
244236, 255541, 255542, 255542, 255541, 262800,
244252, 255553, 255554, 255554, 255553, 262801,
244268, 255565, 255566, 255566, 255565, 262802,
244284, 255577, 255578, 255578, 255577, 262803,
244300, 255554, 255588, 255588, 255554, 262801,
244316, 255599, 255600, 255600, 255599, 262804,
244332, 255611, 255612, 255612, 255611, 262805,
244348, 255623, 255541, 255541, 255623, 262800,
244364, 255633, 255611, 255611, 255633, 262805,
244380, 255600, 255642, 255642, 255600, 262804,
244396, 255653, 255623, 255623, 255653, 262800,
244412, 255612, 255633, 255633, 255612, 262805,
244428, 255642, 255599, 255599, 255642, 262804,
244444, 255588, 255678, 255678, 255588, 262801,
244460, 255689, 255553, 255553, 255689, 262801,
244476, 247848, 247619, 247619, 247848, 262600,
244492, 255678, 255689, 255689, 255678, 262801,
244508, 255542, 255714, 255714, 255542, 262800,
244524, 255714, 255653, 255653, 255714, 262800,
244540, 249460, 249225, 249225, 249460, 262641,
244556, 255578, 255740, 255740, 255578, 262803,
244572, 255751, 255565, 255565, 255751, 262802,
244588, 249582, 249513, 249513, 249582, 262648,
244604, 249502, 249525, 249525, 249502, 262647,
244620, 249250, 249573, 249573, 249250, 262642,
244636, 249562, 249593, 249593, 249562, 262649,
244652, 247502, 247831, 247831, 247502, 262596,
244668, 247478, 247513, 247513, 247478, 262594,
244684, 247558, 247579, 247579, 247558, 262598,
244700, 247568, 247489, 247489, 247568, 262595,
244716, 250704, 250825, 250825, 250704, 262671,
244732, 250814, 248893, 248893, 250814, 262623,
244748, 248882, 250715, 250715, 248882, 262629,
244764, 246056, 248191, 248191, 246056, 262550,
244780, 248180, 246067, 246067, 248180, 262549,
244796, 250898, 248821, 248821, 250898, 262624,
244812, 248834, 250909, 250909, 248834, 262625,
244828, 255566, 255751, 255751, 255566, 262802,
244844, 255740, 255577, 255577, 255740, 262803,
