262816, 280477, 280478, 280478, 280477, 298134,
262832, 280489, 280490, 280490, 280489, 298135,
262848, 280501, 280502, 280502, 280501, 298136,
262864, 280513, 280514, 280514, 280513, 298137,
262880, 280525, 280526, 280526, 280525, 298138,
262896, 280537, 280513, 280513, 280537, 298137,
262912, 280547, 280525, 280525, 280547, 298138,
262928, 280557, 280558, 280558, 280557, 298139,
262944, 280569, 280570, 280570, 280569, 298140,
262960, 280514, 280580, 280580, 280514, 298137,
262976, 280591, 280592, 280592, 280591, 298141,
262992, 280603, 280557, 280557, 280603, 298139,
263008, 280613, 280614, 280614, 280613, 298142,
263024, 280625, 280547, 280547, 280625, 298138,
263040, 280570, 280634, 280634, 280570, 298140,
263056, 280592, 280644, 280644, 280592, 298141,
263072, 280655, 280656, 280656, 280655, 298143,
263088, 280667, 280603, 280603, 280667, 298139,
263104, 280677, 280678, 280678, 280677, 298144,
263120, 280689, 280690, 280690, 280689, 298145,
263136, 280701, 280613, 280613, 280701, 298142,
263152, 280711, 280712, 280712, 280711, 298146,
263168, 280634, 280722, 280722, 280634, 298140,
263184, 280733, 280655, 280655, 280733, 298143,
263200, 280644, 280742, 280742, 280644, 298141,
263216, 280742, 280752, 280752, 280742, 298141,
263232, 280763, 280764, 280764, 280763, 298142,
263248, 280764, 280701, 280701, 280764, 298142,
263264, 280690, 280782, 280782, 280690, 298145,
263280, 280782, 280792, 280792, 280782, 298145,
263296, 280803, 280733, 280733, 280803, 298143,
263312, 280813, 280814, 280814, 280813, 298147,
263328, 280825, 280826, 280826, 280825, 298148,
263344, 280837, 280838, 280838, 280837, 298149,
263360, 280849, 280813, 280813, 280849, 298147,
263376, 280859, 280860, 280860, 280859, 298150,
263392, 280871, 280837, 280837, 280871, 298149,
263408, 280826, 280880, 280880, 280826, 298148,
263424, 280891, 280859, 280859, 280891, 298150,
263440, 280838, 280871, 280871, 280838, 298149,
263456, 280860, 280891, 280891, 280860, 298150,
263472, 280880, 280825, 280825, 280880, 298148,
263488, 280814, 280849, 280849, 280814, 298147,
263504, 280933, 280677, 280677, 280933, 298144,
263520, 280656, 280942, 280942, 280656, 298143,
263536, 280942, 280803, 280803, 280942, 298143,
263552, 280792, 280960, 280960, 280792, 298145,
263568, 280960, 280689, 280689, 280960, 298145,
263584, 280712, 280978, 280978, 280712, 298146,
263600, 280978, 280988, 280988, 280978, 298146,
263616, 280999, 280933, 280933, 280999, 298144,
263632, 281009, 281010, 281010, 281009, 298151,
263648, 281021, 281022, 281022, 281021, 298152,
263664, 281033, 281034, 281034, 281033, 298153,
263680, 281045, 281009, 281009, 281045, 298151,
263696, 281055, 281056, 281056, 281055, 298154,
263712, 281067, 281033, 281033, 281067, 298153,
263728, 281022, 281076, 281076, 281022, 298152,
263744, 281087, 281055, 281055, 281087, 298154,
263760, 281034, 281067, 281067, 281034, 298153,
263776, 281056, 281087, 281087, 281056, 298154,
263792, 281076, 281021, 281021, 281076, 298152,
263808, 281010, 281045, 281045, 281010, 298151,
263824, 281129, 280667, 280667, 281129, 298139,
263840, 280678, 281138, 281138, 280678, 298144,
263856, 281138, 280999, 280999, 281138, 298144,
263872, 280988, 281156, 281156, 280988, 298146,
263888, 281156, 280711, 280711, 281156, 298146,
263904, 280722, 281174, 281174, 280722, 298140,
263920, 281174, 280569, 280569, 281174, 298140,
263936, 280558, 281129, 281129, 280558, 298139,
263952, 281201, 281202, 281202, 281201, 298155,
263968, 281213, 281214, 281214, 281213, 298156,
263984, 281225, 281226, 281226, 281225, 298157,
264000, 281237, 281201, 281201, 281237, 298155,
264016, 281247, 281248, 281248, 281247, 298158,
264032, 281259, 281225, 281225, 281259, 298157,
264048, 281214, 281268, 281268, 281214, 298156,
264064, 281279, 281247, 281247, 281279, 298158,
264080, 281226, 281259, 281259, 281226, 298157,
264096, 281248, 281279, 281279, 281248, 298158,
264112, 281268, 281213, 281213, 281268, 298156,
264128, 281202, 281237, 281237, 281202, 298155,
264144, 281321, 280591, 280591, 281321, 298141,
264160, 280580, 281330, 281330, 280580, 298137,
264176, 281330, 280537, 280537, 281330, 298137,
264192, 280526, 281348, 281348, 280526, 298138,
264208, 281348, 280625, 280625, 281348, 298138,
264224, 280614, 281366, 281366, 280614, 298142,
264240, 281366, 280763, 280763, 281366, 298142,
264256, 280752, 281321, 281321, 280752, 298141,
264272, 281393, 281394, 281394, 281393, 298159,
264288, 281405, 281406, 281406, 281405, 298160,
264304, 281417, 281418, 281418, 281417, 298161,
264320, 281429, 281393, 281393, 281429, 298159,
264336, 281439, 281440, 281440, 281439, 298162,
264352, 281451, 281417, 281417, 281451, 298161,
264368, 281406, 281460, 281460, 281406, 298160,
264384, 281471, 281439, 281439, 281471, 298162,
264400, 281418, 281451, 281451, 281418, 298161,
264416, 281440, 281471, 281471, 281440, 298162,
264432, 281460, 281405, 281405, 281460, 298160,
264448, 281394, 281429, 281429, 281394, 298159,
264464, 281513, 281514, 281514, 281513, 298163,
264480, 281525, 280489, 280489, 281525, 298135,
264496, 281535, 281536, 281536, 281535, 298164,
264512, 281547, 281548, 281548, 281547, 298165,
264528, 281514, 281558, 281558, 281514, 298163,
264544, 281569, 281570, 281570, 281569, 298166,
264560, 281581, 281582, 281582, 281581, 298167,
264576, 281582, 281592, 281592, 281582, 298167,
264592, 281603, 281604, 281604, 281603, 298168,
264608, 281615, 281525, 281525, 281615, 298135,
264624, 281625, 281569, 281569, 281625, 298166,
264640, 281558, 281513, 281513, 281558, 298163,
264656, 281643, 281644, 281644, 281643, 298169,
264672, 281655, 281643, 281643, 281655, 298169,
264688, 280502, 281664, 281664, 280502, 298136,
264704, 281675, 281676, 281676, 281675, 298170,
264720, 281687, 281655, 281655, 281687, 298169,
264736, 281664, 281696, 281696, 281664, 298136,
264752, 281707, 281708, 281708, 281707, 298171,
264768, 281719, 281720, 281720, 281719, 298172,
264784, 281731, 281732, 281732, 281731, 298173,
264800, 281743, 281731, 281731, 281743, 298173,
264816, 281753, 281743, 281743, 281753, 298173,
264832, 281763, 281764, 281764, 281763, 298174,
264848, 281775, 281776, 281776, 281775, 298175,
264864, 281787, 281788, 281788, 281787, 298176,
264880, 281799, 281787, 281787, 281799, 298176,
264896, 281720, 281808, 281808, 281720, 298172,
264912, 281819, 281799, 281799, 281819, 298176,
264928, 281808, 281828, 281828, 281808, 298172,
264944, 281839, 281840, 281840, 281839, 298177,
264960, 281851, 281852, 281852, 281851, 298178,
264976, 281863, 281864, 281864, 281863, 298179,
264992, 281864, 281874, 281874, 281864, 298179,
265008, 281885, 281886, 281886, 281885, 298180,
265024, 281764, 281896, 281896, 281764, 298174,
265040, 281886, 281906, 281906, 281886, 298180,
265056, 281917, 281775, 281775, 281917, 298175,
265072, 281896, 281926, 281926, 281896, 298174,
265088, 281937, 281938, 281938, 281937, 298181,
265104, 281949, 281950, 281950, 281949, 298182,
265120, 281950, 281960, 281960, 281950, 298182,
265136, 281852, 281970, 281970, 281852, 298178,
265152, 281981, 281982, 281982, 281981, 298183,
265168, 281993, 281994, 281994, 281993, 298184,
265184, 282005, 282006, 282006, 282005, 298185,
265200, 282017, 282018, 282018, 282017, 298182,
265216, 282018, 281949, 281949, 282018, 298182,
265232, 281938, 282036, 282036, 281938, 298181,
265248, 282047, 282048, 282048, 282047, 298186,
265264, 282059, 282060, 282060, 282059, 298187,
265280, 282036, 282070, 282070, 282036, 298181,
265296, 282081, 282059, 282059, 282081, 298187,
265312, 282091, 282092, 282092, 282091, 298188,
265328, 282103, 281981, 281981, 282103, 298183,
265344, 281970, 282112, 282112, 281970, 298178,
265360, 282123, 282124, 282124, 282123, 298186,
265376, 282135, 282103, 282103, 282135, 298183,
265392, 282145, 282146, 282146, 282145, 298179,
265408, 281874, 282145, 282145, 281874, 298179,
265424, 282165, 282166, 282166, 282165, 298189,
265440, 282177, 282165, 282165, 282177, 298189,
265456, 282187, 282177, 282177, 282187, 298189,
265472, 282166, 282196, 282196, 282166, 298189,
265488, 282207, 282208, 282208, 282207, 298190,
265504, 282219, 282220, 282220, 282219, 298191,
265520, 282231, 282232, 282232, 282231, 298192,
265536, 282243, 282207, 282207, 282243, 298190,
265552, 282253, 282254, 282254, 282253, 298193,
265568, 282265, 282231, 282231, 282265, 298192,
265584, 282220, 282274, 282274, 282220, 298191,
265600, 282285, 282253, 282253, 282285, 298193,
265616, 282208, 282294, 282294, 282208, 298190,
265632, 282305, 282306, 282306, 282305, 298194,
265648, 282317, 282318, 282318, 282317, 298195,
265664, 282329, 282219, 282219, 282329, 298191,
265680, 282339, 282340, 282340, 282339, 298196,
265696, 282351, 282265, 282265, 282351, 298192,
265712, 282254, 282360, 282360, 282254, 298193,
265728, 282371, 282372, 282372, 282371, 298197,
265744, 282383, 282305, 282305, 282383, 298194,
265760, 282294, 282392, 282392, 282294, 298190,
265776, 282392, 282243, 282243, 282392, 298190,
265792, 282232, 282410, 282410, 282232, 298192,
265808, 282410, 282351, 282351, 282410, 298192,
265824, 282340, 282428, 282428, 282340, 298196,
265840, 282428, 282438, 282438, 282428, 298196,
265856, 282449, 282383, 282383, 282449, 298194,
265872, 282459, 282460, 282460, 282459, 298198,
265888, 282471, 282472, 282472, 282471, 298199,
265904, 282483, 282484, 282484, 282483, 298200,
265920, 282495, 282459, 282459, 282495, 298198,
265936, 282505, 282506, 282506, 282505, 298201,
265952, 282517, 282483, 282483, 282517, 298200,
265968, 282472, 282526, 282526, 282472, 298199,
265984, 282537, 282505, 282505, 282537, 298201,
266000, 282484, 282517, 282517, 282484, 298200,
266016, 282506, 282537, 282537, 282506, 298201,
266032, 282526, 282471, 282471, 282526, 298199,
266048, 282460, 282495, 282495, 282460, 298198,
266064, 282579, 282317, 282317, 282579, 298195,
266080, 282306, 282588, 282588, 282306, 298194,
266096, 282588, 282449, 282449, 282588, 298194,
266112, 282438, 282606, 282606, 282438, 298196,
266128, 282606, 282339, 282339, 282606, 298196,
266144, 282372, 282624, 282624, 282372, 298197,
266160, 282624, 282634, 282634, 282624, 298197,
266176, 282645, 282579, 282579, 282645, 298195,
266192, 282655, 282656, 282656, 282655, 298202,
266208, 282667, 282668, 282668, 282667, 298203,
266224, 282679, 282680, 282680, 282679, 298204,
266240, 282691, 282655, 282655, 282691, 298202,
266256, 282701, 282702, 282702, 282701, 298205,
266272, 282713, 282679, 282679, 282713, 298204,
266288, 282668, 282722, 282722, 282668, 298203,
266304, 282733, 282701, 282701, 282733, 298205,
266320, 282680, 282713, 282713, 282680, 298204,
266336, 282702, 282733, 282733, 282702, 298205,
266352, 282722, 282667, 282667, 282722, 298203,
266368, 282656, 282691, 282691, 282656, 298202,
266384, 282775, 282329, 282329, 282775, 298191,
266400, 282318, 282784, 282784, 282318, 298195,
266416, 282784, 282645, 282645, 282784, 298195,
266432, 282634, 282802, 282802, 282634, 298197,
266448, 282802, 282371, 282371, 282802, 298197,
266464, 282360, 282820, 282820, 282360, 298193,
266480, 282820, 282285, 282285, 282820, 298193,
266496, 282274, 282775, 282775, 282274, 298191,
266512, 282847, 282848, 282848, 282847, 298206,
266528, 282859, 282860, 282860, 282859, 298207,
266544, 282871, 282872, 282872, 282871, 298208,
266560, 282883, 282847, 282847, 282883, 298206,
266576, 282893, 282894, 282894, 282893, 298209,
266592, 282905, 282871, 282871, 282905, 298208,
266608, 282860, 282914, 282914, 282860, 298207,
266624, 282925, 282893, 282893, 282925, 298209,
266640, 282872, 282905, 282905, 282872, 298208,
266656, 282894, 282925, 282925, 282894, 298209,
266672, 282914, 282859, 282859, 282914, 298207,
266688, 282848, 282883, 282883, 282848, 298206,
266704, 282967, 282968, 282968, 282967, 298210,
266720, 282979, 281937, 281937, 282979, 298181,
266736, 282989, 282990, 282990, 282989, 298184,
266752, 283001, 283002, 283002, 283001, 298188,
266768, 282968, 283012, 283012, 282968, 298210,
266784, 282070, 282979, 282979, 282070, 298181,
266800, 283002, 282091, 282091, 283002, 298188,
266816, 283039, 283040, 283040, 283039, 298211,
266832, 283051, 283052, 283052, 283051, 298211,
266848, 283063, 283051, 283051, 283063, 298211,
266864, 283073, 283074, 283074, 283073, 298212,
266880, 283085, 283086, 283086, 283085, 298213,
266896, 283097, 283098, 283098, 283097, 298214,
266912, 283109, 283110, 283110, 283109, 298215,
266928, 283121, 283122, 283122, 283121, 298216,
266944, 283133, 283097, 283097, 283133, 298214,
266960, 283143, 283144, 283144, 283143, 298212,
266976, 283144, 283154, 283154, 283144, 298212,
266992, 283165, 283166, 283166, 283165, 298217,
267008, 283177, 283178, 283178, 283177, 298218,
267024, 283110, 283188, 283188, 283110, 298215,
267040, 283199, 283177, 283177, 283199, 298218,
267056, 283052, 283208, 283208, 283052, 298211,
267072, 283208, 283039, 283039, 283208, 298211,
267088, 283227, 283228, 283228, 283227, 298219,
267104, 283239, 283240, 283240, 283239, 298220,
267120, 283251, 283252, 283252, 283251, 298217,
267136, 283228, 283262, 283262, 283228, 298219,
267152, 283273, 283274, 283274, 283273, 298221,
267168, 283285, 283286, 283286, 283285, 298222,
267184, 283297, 283298, 283298, 283297, 298223,
267200, 283309, 283310, 283310, 283309, 298224,
267216, 283262, 283320, 283320, 283262, 298219,
267232, 283331, 283285, 283285, 283331, 298222,
267248, 283274, 283340, 283340, 283274, 298221,
267264, 283340, 283273, 283273, 283340, 298221,
267280, 283310, 283358, 283358, 283310, 298224,
267296, 283369, 283073, 283073, 283369, 298212,
267312, 283154, 283369, 283369, 283154, 298212,
267328, 283358, 283309, 283309, 283358, 298224,
267344, 283298, 283394, 283394, 283298, 298223,
267360, 283405, 283165, 283165, 283405, 298217,
267376, 283320, 283414, 283414, 283320, 298219,
267392, 283425, 283405, 283405, 283425, 298217,
267408, 283394, 283297, 283297, 283394, 298223,
267424, 283286, 283331, 283331, 283286, 298222,
267440, 283451, 283121, 283121, 283451, 298216,
267456, 283166, 283251, 283251, 283166, 298217,
267472, 283240, 283468, 283468, 283240, 298220,
267488, 282048, 282123, 282123, 282048, 298186,
267504, 282112, 283486, 283486, 282112, 298178,
267520, 283497, 282967, 282967, 283497, 298210,
267536, 283414, 283227, 283227, 283414, 298219,
267552, 283252, 283425, 283425, 283252, 298217,
267568, 283012, 283522, 283522, 283012, 298210,
267584, 283533, 281707, 281707, 283533, 298171,
267600, 283543, 283533, 283533, 283543, 298171,
267616, 283553, 283554, 283554, 283553, 298168,
267632, 281604, 283553, 283553, 281604, 298168,
267648, 283573, 281615, 281615, 283573, 298135,
267664, 280490, 283573, 283573, 280490, 298135,
267680, 283591, 280501, 280501, 283591, 298136,
267696, 281696, 283591, 283591, 281696, 298136,
267712, 283609, 281839, 281839, 283609, 298177,
267728, 281708, 283618, 283618, 281708, 298171,
267744, 283618, 283543, 283543, 283618, 298171,
267760, 283554, 283636, 283636, 283554, 298168,
267776, 283647, 280477, 280477, 283647, 298134,
267792, 281960, 282017, 282017, 281960, 298182,
267808, 282006, 283664, 283664, 282006, 298185,
267824, 281592, 281581, 281581, 281592, 298167,
267840, 281570, 283682, 283682, 281570, 298166,
267856, 283693, 283647, 283647, 283693, 298134,
267872, 283636, 281603, 281603, 283636, 298168,
267888, 283486, 281851, 281851, 283486, 298178,
267904, 283719, 283720, 283720, 283719, 298175,
267920, 283731, 283732, 283732, 283731, 298225,
267936, 282196, 282187, 282187, 282196, 298189,
267952, 281906, 281885, 281885, 281906, 298180,
267968, 283720, 281917, 281917, 283720, 298175,
267984, 283732, 283766, 283766, 283732, 298225,
268000, 282146, 281863, 281863, 282146, 298179,
268016, 283664, 282005, 282005, 283664, 298185,
268032, 283766, 283731, 283731, 283766, 298225,
268048, 281644, 283800, 283800, 281644, 298169,
268064, 283811, 281675, 281675, 283811, 298170,
268080, 281776, 283719, 283719, 281776, 298175,
268096, 283074, 283828, 283828, 283074, 298212,
268112, 283839, 283085, 283085, 283839, 298213,
268128, 283828, 283143, 283143, 283828, 298212,
268144, 283086, 283839, 283839, 283086, 298213,
268160, 281982, 283864, 283864, 281982, 298183,
268176, 283875, 282047, 282047, 283875, 298186,
268192, 282060, 282081, 282081, 282060, 298187,
268208, 282092, 283892, 283892, 282092, 298188,
268224, 283903, 283904, 283904, 283903, 298226,
268240, 282124, 283875, 283875, 282124, 298186,
268256, 283904, 283922, 283922, 283904, 298226,
268272, 283864, 282135, 282135, 283864, 298183,
268288, 283922, 283903, 283903, 283922, 298226,
268304, 283892, 283001, 283001, 283892, 298188,
268320, 282990, 281993, 281993, 282990, 298184,
268336, 283965, 283966, 283966, 283965, 298227,
268352, 283977, 282989, 282989, 283977, 298184,
268368, 283987, 283965, 283965, 283987, 298227,
268384, 281994, 283977, 283977, 281994, 298184,
268400, 283966, 283987, 283987, 283966, 298227,
268416, 283522, 283497, 283497, 283522, 298210,
268432, 283040, 283063, 283063, 283040, 298211,
268448, 284029, 281625, 281625, 284029, 298166,
268464, 283682, 284029, 284029, 283682, 298166,
268480, 284047, 283693, 283693, 284047, 298134,
268496, 280478, 284047, 284047, 280478, 298134,
268512, 281536, 284064, 284064, 281536, 298164,
268528, 284064, 281535, 281535, 284064, 298164,
268544, 281548, 284082, 284082, 281548, 298165,
268560, 284082, 281547, 281547, 284082, 298165,
268576, 284101, 284102, 284102, 284101, 298228,
268592, 284102, 284112, 284112, 284102, 298228,
268608, 284123, 284124, 284124, 284123, 298229,
268624, 284124, 284134, 284134, 284124, 298229,
268640, 284145, 284146, 284146, 284145, 298230,
268656, 284157, 284145, 284145, 284157, 298230,
268672, 284167, 284168, 284168, 284167, 298231,
268688, 284179, 284167, 284167, 284179, 298231,
268704, 284189, 284190, 284190, 284189, 298232,
268720, 284201, 284202, 284202, 284201, 298233,
268736, 284213, 284214, 284214, 284213, 298234,
268752, 284225, 284226, 284226, 284225, 298235,
268768, 284237, 284213, 284213, 284237, 298234,
268784, 284247, 284225, 284225, 284247, 298235,
268800, 284214, 284237, 284237, 284214, 298234,
268816, 284265, 284266, 284266, 284265, 298235,
268832, 284277, 284278, 284278, 284277, 298236,
268848, 284289, 284290, 284290, 284289, 298237,
268864, 284301, 284302, 284302, 284301, 298238,
268880, 284290, 284312, 284312, 284290, 298237,
268896, 284323, 284324, 284324, 284323, 298239,
268912, 284312, 284289, 284289, 284312, 298237,
268928, 284278, 284342, 284342, 284278, 298236,
268944, 284353, 284354, 284354, 284353, 298240,
268960, 284365, 284323, 284323, 284365, 298239,
268976, 284302, 284374, 284374, 284302, 298238,
268992, 284385, 284386, 284386, 284385, 298241,
269008, 284397, 284398, 284398, 284397, 298242,
269024, 284409, 284385, 284385, 284409, 298241,
269040, 284398, 284418, 284418, 284398, 298242,
269056, 284429, 284430, 284430, 284429, 298243,
269072, 284441, 284442, 284442, 284441, 298244,
269088, 284453, 284454, 284454, 284453, 298245,
269104, 284465, 284466, 284466, 284465, 298246,
269120, 284477, 284478, 284478, 284477, 298247,
269136, 284489, 284490, 284490, 284489, 298248,
269152, 284501, 284502, 284502, 284501, 298249,
269168, 284513, 284514, 284514, 284513, 298243,
269184, 284466, 284524, 284524, 284466, 298246,
269200, 284535, 284536, 284536, 284535, 298250,
269216, 284524, 284465, 284465, 284524, 298246,
269232, 284514, 284429, 284429, 284514, 298243,
269248, 284563, 284564, 284564, 284563, 298251,
269264, 284575, 284576, 284576, 284575, 298252,
269280, 284587, 284157, 284157, 284587, 298230,
269296, 284168, 284596, 284596, 284168, 298231,
269312, 284607, 284608, 284608, 284607, 298253,
269328, 284478, 284618, 284618, 284478, 298247,
269344, 284629, 284630, 284630, 284629, 298254,
269360, 284641, 284587, 284587, 284641, 298230,
269376, 284576, 284650, 284650, 284576, 298252,
269392, 284661, 284662, 284662, 284661, 298255,
269408, 284662, 284672, 284672, 284662, 298255,
269424, 284683, 284684, 284684, 284683, 298256,
269440, 284695, 284696, 284696, 284695, 298257,
269456, 284707, 284695, 284695, 284707, 298257,
269472, 284717, 284718, 284718, 284717, 298258,
269488, 284729, 284717, 284717, 284729, 298258,
269504, 284739, 284740, 284740, 284739, 298252,
269520, 284650, 284739, 284739, 284650, 298252,
269536, 284759, 284661, 284661, 284759, 298255,
269552, 284769, 284759, 284759, 284769, 298255,
269568, 284202, 284778, 284778, 284202, 298233,
269584, 284789, 284790, 284790, 284789, 298259,
269600, 284801, 284802, 284802, 284801, 298260,
269616, 284813, 284201, 284201, 284813, 298233,
269632, 284564, 284822, 284822, 284564, 298251,
269648, 284833, 284834, 284834, 284833, 298239,
269664, 284845, 284846, 284846, 284845, 298261,
269680, 284857, 284858, 284858, 284857, 298259,
269696, 284869, 284870, 284870, 284869, 298262,
269712, 284881, 284882, 284882, 284881, 298263,
269728, 284893, 284894, 284894, 284893, 298264,
269744, 284905, 284789, 284789, 284905, 298259,
269760, 284802, 284914, 284914, 284802, 298260,
269776, 284925, 284905, 284905, 284925, 298259,
269792, 284894, 284934, 284934, 284894, 298264,
269808, 284945, 284946, 284946, 284945, 298265,
269824, 284957, 284958, 284958, 284957, 298242,
269840, 284969, 284957, 284957, 284969, 298242,
269856, 284946, 284978, 284978, 284946, 298265,
269872, 284989, 284990, 284990, 284989, 298266,
269888, 284990, 285000, 285000, 284990, 298266,
269904, 285011, 284881, 284881, 285011, 298263,
269920, 284914, 285020, 285020, 284914, 298260,
269936, 284978, 284945, 284945, 284978, 298265,
269952, 284934, 284893, 284893, 284934, 298264,
269968, 284882, 285011, 285011, 284882, 298263,
269984, 285000, 284989, 284989, 285000, 298266,
270000, 285020, 285062, 285062, 285020, 298260,
270016, 284790, 284857, 284857, 284790, 298259,
270032, 284846, 285080, 285080, 284846, 298261,
270048, 285062, 284801, 284801, 285062, 298260,
270064, 285099, 285100, 285100, 285099, 298232,
270080, 285100, 285110, 285110, 285100, 298232,
270096, 285121, 285122, 285122, 285121, 298267,
270112, 285133, 285134, 285134, 285133, 298268,
270128, 285145, 285121, 285121, 285145, 298267,
270144, 284858, 284925, 284925, 284858, 298259,
270160, 284958, 285162, 285162, 284958, 298242,
270176, 285162, 284397, 284397, 285162, 298242,
270192, 285181, 285182, 285182, 285181, 298269,
270208, 285193, 284869, 284869, 285193, 298262,
270224, 285134, 285202, 285202, 285134, 298268,
270240, 285213, 285181, 285181, 285213, 298269,
270256, 284386, 284409, 284409, 284386, 298241,
270272, 284418, 284969, 284969, 284418, 298242,
270288, 285239, 284189, 284189, 285239, 298232,
270304, 285110, 285239, 285239, 285110, 298232,
270320, 284190, 285099, 285099, 284190, 298232,
270336, 285265, 285266, 285266, 285265, 298236,
270352, 285277, 285278, 285278, 285277, 298270,
270368, 284778, 285288, 285288, 284778, 298233,
270384, 285266, 284277, 284277, 285266, 298236,
270400, 284266, 284247, 284247, 284266, 298235,
270416, 285315, 285277, 285277, 285315, 298270,
270432, 285288, 284813, 284813, 285288, 298233,
270448, 285333, 285334, 285334, 285333, 298271,
270464, 285345, 285346, 285346, 285345, 298272,
270480, 285357, 285358, 285358, 285357, 298273,
270496, 285369, 285370, 285370, 285369, 298274,
270512, 285381, 285357, 285357, 285381, 298273,
270528, 285346, 285390, 285390, 285346, 298272,
270544, 285401, 285369, 285369, 285401, 298274,
270560, 285358, 285381, 285381, 285358, 298273,
270576, 285419, 285333, 285333, 285419, 298271,
270592, 285370, 285401, 285401, 285370, 298274,
270608, 285390, 285345, 285345, 285390, 298272,
270624, 285334, 285419, 285419, 285334, 298271,
270640, 285453, 285454, 285454, 285453, 298275,
270656, 285465, 285466, 285466, 285465, 298276,
270672, 285466, 285476, 285476, 285466, 298276,
270688, 285487, 285488, 285488, 285487, 298277,
270704, 285488, 285498, 285498, 285488, 298277,
270720, 285509, 285510, 285510, 285509, 298278,
270736, 285510, 285520, 285520, 285510, 298278,
270752, 285531, 285453, 285453, 285531, 298275,
270768, 285541, 285542, 285542, 285541, 298279,
270784, 285553, 285554, 285554, 285553, 298280,
270800, 285565, 285566, 285566, 285565, 298281,
270816, 285577, 285578, 285578, 285577, 298282,
270832, 285589, 285565, 285565, 285589, 298281,
270848, 285554, 285598, 285598, 285554, 298280,
270864, 285609, 285577, 285577, 285609, 298282,
270880, 285566, 285589, 285589, 285566, 298281,
270896, 285627, 285541, 285541, 285627, 298279,
270912, 285578, 285609, 285609, 285578, 298282,
270928, 285598, 285553, 285553, 285598, 298280,
270944, 285542, 285627, 285627, 285542, 298279,
270960, 285661, 285509, 285509, 285661, 298278,
270976, 285498, 285670, 285670, 285498, 298277,
270992, 285670, 285680, 285680, 285670, 298277,
271008, 285691, 285692, 285692, 285691, 298283,
271024, 285692, 285702, 285702, 285692, 298283,
271040, 285713, 285714, 285714, 285713, 298284,
271056, 285714, 285724, 285724, 285714, 298284,
271072, 285735, 285661, 285661, 285735, 298278,
271088, 285745, 285746, 285746, 285745, 298285,
271104, 285757, 285758, 285758, 285757, 298286,
271120, 285769, 285770, 285770, 285769, 298287,
271136, 285781, 285782, 285782, 285781, 298288,
271152, 285793, 285769, 285769, 285793, 298287,
271168, 285758, 285802, 285802, 285758, 298286,
271184, 285813, 285781, 285781, 285813, 298288,
271200, 285770, 285793, 285793, 285770, 298287,
271216, 285831, 285745, 285745, 285831, 298285,
271232, 285782, 285813, 285813, 285782, 298288,
271248, 285802, 285757, 285757, 285802, 298286,
271264, 285746, 285831, 285831, 285746, 298285,
271280, 285865, 285713, 285713, 285865, 298284,
271296, 285702, 285874, 285874, 285702, 298283,
271312, 285874, 285884, 285884, 285874, 298283,
271328, 285895, 285896, 285896, 285895, 298289,
271344, 285896, 285906, 285906, 285896, 298289,
271360, 285917, 285918, 285918, 285917, 298290,
271376, 285918, 285928, 285928, 285918, 298290,
271392, 285939, 285865, 285865, 285939, 298284,
271408, 285680, 285487, 285487, 285680, 298277,
271424, 285476, 285956, 285956, 285476, 298276,
271440, 285967, 285895, 285895, 285967, 298289,
271456, 285884, 285691, 285691, 285884, 298283,
271472, 285985, 285531, 285531, 285985, 298275,
271488, 285520, 285735, 285735, 285520, 298278,
271504, 285724, 285939, 285939, 285724, 298284,
271520, 285928, 286010, 286010, 285928, 298290,
271536, 286021, 285465, 285465, 286021, 298276,
271552, 285454, 286030, 286030, 285454, 298275,
271568, 286041, 285967, 285967, 286041, 298289,
271584, 285956, 286021, 286021, 285956, 298276,
271600, 286059, 285917, 285917, 286059, 298290,
271616, 285906, 286041, 286041, 285906, 298289,
271632, 286030, 285985, 285985, 286030, 298275,
271648, 286010, 286059, 286059, 286010, 298290,
271664, 284536, 286092, 286092, 284536, 298250,
271680, 286103, 284535, 284535, 286103, 298250,
271696, 286113, 286103, 286103, 286113, 298250,
271712, 286092, 286113, 286113, 286092, 298250,
271728, 286131, 286132, 286132, 286131, 298248,
271744, 284490, 286131, 286131, 284490, 298248,
271760, 286151, 284301, 284301, 286151, 298238,
271776, 284324, 284833, 284833, 284324, 298239,
271792, 284822, 286168, 286168, 284822, 298251,
271808, 286179, 286151, 286151, 286179, 298238,
271824, 284342, 285265, 285265, 284342, 298236,
271840, 286197, 284353, 284353, 286197, 298240,
271856, 285278, 286206, 286206, 285278, 298270,
271872, 284354, 286197, 286197, 284354, 298240,
271888, 284834, 284365, 284365, 284834, 298239,
271904, 286206, 286232, 286232, 286206, 298270,
271920, 286243, 286244, 286244, 286243, 298254,
271936, 286244, 284629, 284629, 286244, 298254,
271952, 284618, 284477, 284477, 284618, 298247,
271968, 284226, 284265, 284265, 284226, 298235,
271984, 284374, 286179, 286179, 284374, 298238,
272000, 286168, 286286, 286286, 286168, 298251,
272016, 284630, 286296, 286296, 284630, 298254,
272032, 286296, 286243, 286243, 286296, 298254,
272048, 286232, 285315, 285315, 286232, 298270,
272064, 286323, 286324, 286324, 286323, 298291,
272080, 286335, 284501, 284501, 286335, 298249,
272096, 286132, 286344, 286344, 286132, 298248,
272112, 286344, 284489, 284489, 286344, 298248,
272128, 286286, 284563, 284563, 286286, 298251,
272144, 286371, 284683, 284683, 286371, 298256,
272160, 286381, 286382, 286382, 286381, 298292,
272176, 286393, 286394, 286394, 286393, 298293,
272192, 286382, 286404, 286404, 286382, 298292,
272208, 286415, 286393, 286393, 286415, 298293,
272224, 286425, 286415, 286415, 286425, 298293,
272240, 284430, 286434, 286434, 284430, 298243,
272256, 286445, 286446, 286446, 286445, 298291,
272272, 286457, 286458, 286458, 286457, 298294,
272288, 286469, 286457, 286457, 286469, 298294,
272304, 286479, 286469, 286469, 286479, 298294,
272320, 286404, 286488, 286488, 286404, 298292,
272336, 284672, 284769, 284769, 284672, 298255,
272352, 284696, 286506, 286506, 284696, 298257,
272368, 286517, 286518, 286518, 286517, 298244,
272384, 286529, 284453, 284453, 286529, 298245,
272400, 286506, 286538, 286538, 286506, 298257,
272416, 286549, 286517, 286517, 286549, 298244,
272432, 284442, 286549, 286549, 284442, 298244,
272448, 286567, 286568, 286568, 286567, 298295,
272464, 286579, 284179, 284179, 286579, 298231,
272480, 286589, 284729, 284729, 286589, 298258,
272496, 284740, 284575, 284575, 284740, 298252,
272512, 284608, 286606, 286606, 284608, 298253,
272528, 286606, 284607, 284607, 286606, 298253,
272544, 284596, 286579, 286579, 284596, 298231,
272560, 286568, 286632, 286632, 286568, 298295,
272576, 284112, 284101, 284101, 284112, 298228,
272592, 284134, 284123, 284123, 284134, 298229,
272608, 286659, 286589, 286589, 286659, 298258,
272624, 286632, 286567, 286567, 286632, 298295,
272640, 286677, 286678, 286678, 286677, 298296,
272656, 286689, 286690, 286690, 286689, 298297,
272672, 286701, 286702, 286702, 286701, 298298,
272688, 286713, 286714, 286714, 286713, 298299,
272704, 286725, 286701, 286701, 286725, 298298,
272720, 286690, 286734, 286734, 286690, 298297,
272736, 286745, 286713, 286713, 286745, 298299,
272752, 286702, 286725, 286725, 286702, 298298,
272768, 286763, 286677, 286677, 286763, 298296,
272784, 286714, 286745, 286745, 286714, 298299,
272800, 286734, 286689, 286689, 286734, 298297,
272816, 286678, 286763, 286763, 286678, 298296,
272832, 286797, 286798, 286798, 286797, 298300,
272848, 286809, 286810, 286810, 286809, 298301,
272864, 286810, 286820, 286820, 286810, 298301,
272880, 286831, 286832, 286832, 286831, 298302,
272896, 286832, 286842, 286842, 286832, 298302,
272912, 286853, 286854, 286854, 286853, 298303,
272928, 286854, 286864, 286864, 286854, 298303,
272944, 286875, 286797, 286797, 286875, 298300,
272960, 286885, 286886, 286886, 286885, 298304,
272976, 286897, 286898, 286898, 286897, 298305,
272992, 286909, 286910, 286910, 286909, 298306,
273008, 286921, 286922, 286922, 286921, 298307,
273024, 286933, 286909, 286909, 286933, 298306,
273040, 286898, 286942, 286942, 286898, 298305,
273056, 286910, 286933, 286933, 286910, 298306,
273072, 286961, 286921, 286921, 286961, 298307,
273088, 286971, 286885, 286885, 286971, 298304,
273104, 286922, 286961, 286961, 286922, 298307,
273120, 286886, 286971, 286971, 286886, 298304,
273136, 286942, 286897, 286897, 286942, 298305,
273152, 287005, 287006, 287006, 287005, 298308,
273168, 287017, 287018, 287018, 287017, 298309,
273184, 287018, 287028, 287028, 287018, 298309,
273200, 287039, 287040, 287040, 287039, 298310,
273216, 287040, 287050, 287050, 287040, 298310,
273232, 287061, 287062, 287062, 287061, 298311,
273248, 287062, 287072, 287072, 287062, 298311,
273264, 287083, 287005, 287005, 287083, 298308,
273280, 287093, 287094, 287094, 287093, 298312,
273296, 287105, 287106, 287106, 287105, 298313,
273312, 287117, 287118, 287118, 287117, 298314,
273328, 287129, 287130, 287130, 287129, 298315,
273344, 287141, 287117, 287117, 287141, 298314,
273360, 287106, 287150, 287150, 287106, 298313,
273376, 287161, 287129, 287129, 287161, 298315,
273392, 287118, 287141, 287141, 287118, 298314,
273408, 287179, 287093, 287093, 287179, 298312,
273424, 287130, 287161, 287161, 287130, 298315,
273440, 287150, 287105, 287105, 287150, 298313,
273456, 287094, 287179, 287179, 287094, 298312,
273472, 287213, 287061, 287061, 287213, 298311,
273488, 287050, 287222, 287222, 287050, 298310,
273504, 287222, 287232, 287232, 287222, 298310,
273520, 287243, 287244, 287244, 287243, 298316,
273536, 287244, 287254, 287254, 287244, 298316,
273552, 287265, 287266, 287266, 287265, 298317,
273568, 287266, 287276, 287276, 287266, 298317,
273584, 287287, 287213, 287213, 287287, 298311,
273600, 287297, 287298, 287298, 287297, 298318,
273616, 287309, 287310, 287310, 287309, 298319,
273632, 287321, 287322, 287322, 287321, 298320,
273648, 287333, 287334, 287334, 287333, 298321,
273664, 287345, 287321, 287321, 287345, 298320,
273680, 287310, 287354, 287354, 287310, 298319,
273696, 287365, 287333, 287333, 287365, 298321,
273712, 287322, 287345, 287345, 287322, 298320,
273728, 287383, 287297, 287297, 287383, 298318,
273744, 287334, 287365, 287365, 287334, 298321,
273760, 287354, 287309, 287309, 287354, 298319,
273776, 287298, 287383, 287383, 287298, 298318,
273792, 287417, 287265, 287265, 287417, 298317,
273808, 287254, 287426, 287426, 287254, 298316,
273824, 287426, 287436, 287436, 287426, 298316,
273840, 287447, 287448, 287448, 287447, 298301,
273856, 287448, 286809, 286809, 287448, 298301,
273872, 286798, 287466, 287466, 286798, 298300,
273888, 287466, 287476, 287476, 287466, 298300,
273904, 287487, 287417, 287417, 287487, 298317,
273920, 287232, 287039, 287039, 287232, 298310,
273936, 287028, 287504, 287504, 287028, 298309,
273952, 287436, 287243, 287243, 287436, 298316,
273968, 287523, 287447, 287447, 287523, 298301,
273984, 287533, 287083, 287083, 287533, 298308,
274000, 287072, 287287, 287287, 287072, 298311,
274016, 287476, 287550, 287550, 287476, 298300,
274032, 287276, 287487, 287487, 287276, 298317,
274048, 287504, 287568, 287568, 287504, 298309,
274064, 287579, 286831, 286831, 287579, 298302,
274080, 286820, 287523, 287523, 286820, 298301,
274096, 287597, 287533, 287533, 287597, 298308,
274112, 287550, 286875, 286875, 287550, 298300,
274128, 286864, 287614, 287614, 286864, 298303,
274144, 287568, 287017, 287017, 287568, 298309,
274160, 287006, 287597, 287597, 287006, 298308,
274176, 287641, 287579, 287579, 287641, 298302,
274192, 287651, 286853, 286853, 287651, 298303,
274208, 286842, 287641, 287641, 286842, 298302,
274224, 287614, 287651, 287651, 287614, 298303,
274240, 286538, 284707, 284707, 286538, 298257,
274256, 284718, 286659, 286659, 284718, 298258,
274272, 284146, 284641, 284641, 284146, 298230,
274288, 287701, 287702, 287702, 287701, 298322,
274304, 287713, 287714, 287714, 287713, 298323,
274320, 287714, 287724, 287724, 287714, 298323,
274336, 287735, 287736, 287736, 287735, 298324,
274352, 287747, 287748, 287748, 287747, 298325,
274368, 287759, 287701, 287701, 287759, 298322,
274384, 287736, 287768, 287768, 287736, 298324,
274400, 287779, 287780, 287780, 287779, 298326,
274416, 287780, 287790, 287790, 287780, 298326,
274432, 287801, 287802, 287802, 287801, 298327,
274448, 287813, 287814, 287814, 287813, 298328,
274464, 287802, 287824, 287824, 287802, 298327,
274480, 287835, 287836, 287836, 287835, 298329,
274496, 287847, 287848, 287848, 287847, 298330,
274512, 287836, 287858, 287858, 287836, 298329,
274528, 287869, 287870, 287870, 287869, 298331,
274544, 287870, 287880, 287880, 287870, 298331,
274560, 287891, 287892, 287892, 287891, 298332,
274576, 287903, 287813, 287813, 287903, 298328,
274592, 287892, 287912, 287912, 287892, 298332,
274608, 287923, 287847, 287847, 287923, 298330,
274624, 287933, 287934, 287934, 287933, 298333,
274640, 287934, 287944, 287944, 287934, 298333,
274656, 281840, 287954, 287954, 281840, 298177,
274672, 287814, 287903, 287903, 287814, 298328,
274688, 287912, 287891, 287891, 287912, 298332,
274704, 287981, 287779, 287779, 287981, 298326,
274720, 287880, 287869, 287869, 287880, 298331,
274736, 287858, 287998, 287998, 287858, 298329,
274752, 287702, 288008, 288008, 287702, 298322,
274768, 287998, 288018, 288018, 287998, 298329,
274784, 288029, 287713, 287713, 288029, 298323,
274800, 288039, 287981, 287981, 288039, 298326,
274816, 288008, 288048, 288048, 288008, 298322,
274832, 288059, 288029, 288029, 288059, 298323,
274848, 288018, 287835, 287835, 288018, 298329,
274864, 288077, 287801, 287801, 288077, 298327,
274880, 287790, 288039, 288039, 287790, 298326,
274896, 288048, 287759, 287759, 288048, 298322,
274912, 287748, 288102, 288102, 287748, 298325,
274928, 288113, 287735, 287735, 288113, 298324,
274944, 287724, 288059, 288059, 287724, 298323,
274960, 288131, 288132, 288132, 288131, 298334,
274976, 287944, 287933, 287933, 287944, 298333,
274992, 287848, 287923, 287923, 287848, 298330,
275008, 288159, 288131, 288131, 288159, 298334,
275024, 288169, 288159, 288159, 288169, 298334,
275040, 287954, 288178, 288178, 287954, 298177,
275056, 288189, 288169, 288169, 288189, 298334,
275072, 288178, 283609, 283609, 288178, 298177,
275088, 288132, 288189, 288189, 288132, 298334,
275104, 288215, 288113, 288113, 288215, 298324,
275120, 288102, 288224, 288224, 288102, 298325,
275136, 288235, 288077, 288077, 288235, 298327,
275152, 287824, 288235, 288235, 287824, 298327,
275168, 288253, 287747, 287747, 288253, 298325,
275184, 288224, 288253, 288253, 288224, 298325,
275200, 287768, 288215, 288215, 287768, 298324,
275216, 288279, 288280, 288280, 288279, 298335,
275232, 288291, 288292, 288292, 288291, 298336,
275248, 288292, 288302, 288302, 288292, 298336,
275264, 288313, 281819, 281819, 288313, 298176,
275280, 281926, 288322, 288322, 281926, 298174,
275296, 288333, 288279, 288279, 288333, 298335,
275312, 288280, 288333, 288333, 288280, 298335,
275328, 288322, 281763, 281763, 288322, 298174,
275344, 281788, 288313, 288313, 281788, 298176,
275360, 288302, 288291, 288291, 288302, 298336,
275376, 281828, 288374, 288374, 281828, 298172,
275392, 288385, 288386, 288386, 288385, 298337,
275408, 288386, 288396, 288396, 288386, 298337,
275424, 288407, 288408, 288408, 288407, 298338,
275440, 288408, 288418, 288418, 288408, 298338,
275456, 288429, 281753, 281753, 288429, 298173,
275472, 288396, 288385, 288385, 288396, 298337,
275488, 288374, 281719, 281719, 288374, 298172,
275504, 281732, 288429, 288429, 281732, 298173,
275520, 288418, 288407, 288407, 288418, 298338,
275536, 288471, 288472, 288472, 288471, 298339,
275552, 288483, 288484, 288484, 288483, 298340,
275568, 288495, 288496, 288496, 288495, 298341,
275584, 288507, 288471, 288471, 288507, 298339,
275600, 288484, 288516, 288516, 288484, 298340,
275616, 288527, 288528, 288528, 288527, 298342,
275632, 288539, 288495, 288495, 288539, 298341,
275648, 288549, 288550, 288550, 288549, 298343,
275664, 288561, 288562, 288562, 288561, 298344,
275680, 288573, 288549, 288549, 288573, 298343,
275696, 288583, 288584, 288584, 288583, 298345,
275712, 288595, 288561, 288561, 288595, 298344,
275728, 288605, 288606, 288606, 288605, 298346,
275744, 288617, 288618, 288618, 288617, 298347,
275760, 288629, 288630, 288630, 288629, 298348,
275776, 288641, 288605, 288605, 288641, 298346,
275792, 288651, 288629, 288629, 288651, 298348,
275808, 288661, 288662, 288662, 288661, 298349,
275824, 288584, 288672, 288672, 288584, 298345,
275840, 288683, 288661, 288661, 288683, 298349,
275856, 288618, 288692, 288692, 288618, 298347,
275872, 288703, 288704, 288704, 288703, 298350,
275888, 288715, 288703, 288703, 288715, 298350,
275904, 288725, 286371, 286371, 288725, 298256,
275920, 288672, 288583, 288583, 288672, 298345,
275936, 288662, 288683, 288683, 288662, 298349,
275952, 288550, 288750, 288750, 288550, 298343,
275968, 288761, 288641, 288641, 288761, 298346,
275984, 288630, 288651, 288651, 288630, 298348,
276000, 288472, 288778, 288778, 288472, 298339,
276016, 288789, 288761, 288761, 288789, 298346,
276032, 288799, 288483, 288483, 288799, 298340,
276048, 288809, 288799, 288799, 288809, 298340,
276064, 288750, 288818, 288818, 288750, 298343,
276080, 288606, 288789, 288789, 288606, 298346,
276096, 288778, 288836, 288836, 288778, 298339,
276112, 288847, 288527, 288527, 288847, 298342,
276128, 288516, 288809, 288809, 288516, 298340,
276144, 288818, 288573, 288573, 288818, 298343,
276160, 288562, 288872, 288872, 288562, 298344,
276176, 288883, 288884, 288884, 288883, 298351,
276192, 288836, 288507, 288507, 288836, 298339,
276208, 288496, 288902, 288902, 288496, 298341,
276224, 288704, 288715, 288715, 288704, 298350,
276240, 288692, 288617, 288617, 288692, 298347,
276256, 288884, 288928, 288928, 288884, 298351,
276272, 288939, 288725, 288725, 288939, 298256,
276288, 288928, 288948, 288948, 288928, 298351,
276304, 284684, 288939, 288939, 284684, 298256,
276320, 288948, 288966, 288966, 288948, 298351,
276336, 288902, 288976, 288976, 288902, 298341,
276352, 288966, 288883, 288883, 288966, 298351,
276368, 288872, 288994, 288994, 288872, 298344,
276384, 289005, 288847, 288847, 289005, 298342,
276400, 288994, 288595, 288595, 288994, 298344,
276416, 288528, 289022, 289022, 288528, 298342,
276432, 289022, 289005, 289005, 289022, 298342,
276448, 288976, 288539, 288539, 288976, 298341,
276464, 289049, 289050, 289050, 289049, 298352,
276480, 289061, 289062, 289062, 289061, 298353,
276496, 286394, 289072, 289072, 286394, 298293,
276512, 289083, 289049, 289049, 289083, 298352,
276528, 289062, 289092, 289092, 289062, 298353,
276544, 289103, 286323, 286323, 289103, 298291,
276560, 289050, 289083, 289083, 289050, 298352,
276576, 289072, 286425, 286425, 289072, 298293,
276592, 286446, 289103, 289103, 286446, 298291,
276608, 289092, 289061, 289061, 289092, 298353,
276624, 289145, 289146, 289146, 289145, 298354,
276640, 289157, 286381, 286381, 289157, 298292,
276656, 289167, 289168, 289168, 289167, 298355,
276672, 289179, 289145, 289145, 289179, 298354,
276688, 286458, 289188, 289188, 286458, 298294,
276704, 289199, 289167, 289167, 289199, 298355,
276720, 289168, 289199, 289199, 289168, 298355,
276736, 289188, 286479, 286479, 289188, 298294,
276752, 286488, 289157, 289157, 286488, 298292,
276768, 289146, 289179, 289179, 289146, 298354,
276784, 289241, 289242, 289242, 289241, 298356,
276800, 289253, 289254, 289254, 289253, 298357,
276816, 289265, 289266, 289266, 289265, 298358,
276832, 289277, 289241, 289241, 289277, 298356,
276848, 289287, 289288, 289288, 289287, 298359,
276864, 289299, 289265, 289265, 289299, 298358,
276880, 289254, 289308, 289308, 289254, 298357,
276896, 289319, 289287, 289287, 289319, 298359,
276912, 289329, 289330, 289330, 289329, 298360,
276928, 289341, 289342, 289342, 289341, 298361,
276944, 289353, 289354, 289354, 289353, 298362,
276960, 289365, 289366, 289366, 289365, 298363,
276976, 289288, 289319, 289319, 289288, 298359,
276992, 289308, 289253, 289253, 289308, 298357,
277008, 289242, 289277, 289277, 289242, 298356,
277024, 289266, 289299, 289299, 289266, 298358,
277040, 289330, 289408, 289408, 289330, 298360,
277056, 289419, 289365, 289365, 289419, 298363,
277072, 289354, 289428, 289428, 289354, 298362,
277088, 289439, 289341, 289341, 289439, 298361,
277104, 289342, 289439, 289439, 289342, 298361,
277120, 289428, 289353, 289353, 289428, 298362,
277136, 289366, 289419, 289419, 289366, 298363,
277152, 289408, 289329, 289329, 289408, 298360,
277168, 289481, 289482, 289482, 289481, 298364,
277184, 289493, 289494, 289494, 289493, 298365,
277200, 289505, 289506, 289506, 289505, 298366,
277216, 289517, 289481, 289481, 289517, 298364,
277232, 289527, 289528, 289528, 289527, 298367,
277248, 289539, 289505, 289505, 289539, 298366,
277264, 289494, 289548, 289548, 289494, 298365,
277280, 289559, 289527, 289527, 289559, 298367,
277296, 289569, 289570, 289570, 289569, 298368,
277312, 289581, 289582, 289582, 289581, 298369,
277328, 289593, 289594, 289594, 289593, 298370,
277344, 289605, 289606, 289606, 289605, 298371,
277360, 289528, 289559, 289559, 289528, 298367,
277376, 289548, 289493, 289493, 289548, 298365,
277392, 289482, 289517, 289517, 289482, 298364,
277408, 289506, 289539, 289539, 289506, 298366,
277424, 289570, 289648, 289648, 289570, 298368,
277440, 289659, 289605, 289605, 289659, 298371,
277456, 289594, 289668, 289668, 289594, 298370,
277472, 289679, 289581, 289581, 289679, 298369,
277488, 289582, 289679, 289679, 289582, 298369,
277504, 289668, 289593, 289593, 289668, 298370,
277520, 289606, 289659, 289659, 289606, 298371,
277536, 289648, 289569, 289569, 289648, 298368,
277552, 289721, 289722, 289722, 289721, 298372,
277568, 289733, 289734, 289734, 289733, 298373,
277584, 289745, 289746, 289746, 289745, 298374,
277600, 289757, 289721, 289721, 289757, 298372,
277616, 289767, 289768, 289768, 289767, 298375,
277632, 289779, 289745, 289745, 289779, 298374,
277648, 289734, 289788, 289788, 289734, 298373,
277664, 289799, 289767, 289767, 289799, 298375,
277680, 289809, 289810, 289810, 289809, 298376,
277696, 289821, 289822, 289822, 289821, 298377,
277712, 289833, 289834, 289834, 289833, 298378,
277728, 289845, 289846, 289846, 289845, 298379,
277744, 289768, 289799, 289799, 289768, 298375,
277760, 289788, 289733, 289733, 289788, 298373,
277776, 289722, 289757, 289757, 289722, 298372,
277792, 289746, 289779, 289779, 289746, 298374,
277808, 289810, 289888, 289888, 289810, 298376,
277824, 289899, 289845, 289845, 289899, 298379,
277840, 289834, 289908, 289908, 289834, 298378,
277856, 289919, 289821, 289821, 289919, 298377,
277872, 289822, 289919, 289919, 289822, 298377,
277888, 289908, 289833, 289833, 289908, 298378,
277904, 289846, 289899, 289899, 289846, 298379,
277920, 289888, 289809, 289809, 289888, 298376,
277936, 289961, 289962, 289962, 289961, 298380,
277952, 289973, 289974, 289974, 289973, 298381,
277968, 289985, 289986, 289986, 289985, 298382,
277984, 289997, 289961, 289961, 289997, 298380,
278000, 290007, 290008, 290008, 290007, 298383,
278016, 290019, 289985, 289985, 290019, 298382,
278032, 289974, 290028, 290028, 289974, 298381,
278048, 290039, 290007, 290007, 290039, 298383,
278064, 290049, 290050, 290050, 290049, 298384,
278080, 290061, 290062, 290062, 290061, 298385,
278096, 290073, 290074, 290074, 290073, 298386,
278112, 290085, 290086, 290086, 290085, 298387,
278128, 290008, 290039, 290039, 290008, 298383,
278144, 290028, 289973, 289973, 290028, 298381,
278160, 289962, 289997, 289997, 289962, 298380,
278176, 289986, 290019, 290019, 289986, 298382,
278192, 290050, 290128, 290128, 290050, 298384,
278208, 290139, 290085, 290085, 290139, 298387,
278224, 290074, 290148, 290148, 290074, 298386,
278240, 290159, 290061, 290061, 290159, 298385,
278256, 290062, 290159, 290159, 290062, 298385,
278272, 290148, 290073, 290073, 290148, 298386,
278288, 290086, 290139, 290139, 290086, 298387,
278304, 290128, 290049, 290049, 290128, 298384,
278320, 290201, 290202, 290202, 290201, 298388,
278336, 290213, 290214, 290214, 290213, 298389,
278352, 290214, 290224, 290224, 290214, 298389,
278368, 290235, 290236, 290236, 290235, 298390,
278384, 290236, 290246, 290246, 290236, 298390,
278400, 290257, 290258, 290258, 290257, 298391,
278416, 290258, 290268, 290268, 290258, 298391,
278432, 290279, 290201, 290201, 290279, 298388,
278448, 290289, 290290, 290290, 290289, 298392,
278464, 290301, 290302, 290302, 290301, 298393,
278480, 290313, 290314, 290314, 290313, 298394,
278496, 290325, 290326, 290326, 290325, 298395,
278512, 290246, 290235, 290235, 290246, 298390,
278528, 290224, 290213, 290213, 290224, 298389,
278544, 290202, 290279, 290279, 290202, 298388,
278560, 290268, 290257, 290257, 290268, 298391,
278576, 290290, 290368, 290368, 290290, 298392,
278592, 290379, 290325, 290325, 290379, 298395,
278608, 290314, 290388, 290388, 290314, 298394,
278624, 290399, 290301, 290301, 290399, 298393,
278640, 290326, 290379, 290379, 290326, 298395,
278656, 290368, 290289, 290289, 290368, 298392,
278672, 290302, 290399, 290399, 290302, 298393,
278688, 290388, 290313, 290313, 290388, 298394,
278704, 290441, 290442, 290442, 290441, 298396,
278720, 290453, 290454, 290454, 290453, 298397,
278736, 290454, 290464, 290464, 290454, 298397,
278752, 290475, 290476, 290476, 290475, 298398,
278768, 290476, 290486, 290486, 290476, 298398,
278784, 290497, 290498, 290498, 290497, 298399,
278800, 290498, 290508, 290508, 290498, 298399,
278816, 290519, 290441, 290441, 290519, 298396,
278832, 290529, 290530, 290530, 290529, 298400,
278848, 290541, 290542, 290542, 290541, 298401,
278864, 290553, 290554, 290554, 290553, 298402,
278880, 290565, 290566, 290566, 290565, 298403,
278896, 290486, 290475, 290475, 290486, 298398,
278912, 290464, 290453, 290453, 290464, 298397,
278928, 290442, 290519, 290519, 290442, 298396,
278944, 290508, 290497, 290497, 290508, 298399,
278960, 290530, 290608, 290608, 290530, 298400,
278976, 290619, 290565, 290565, 290619, 298403,
278992, 290554, 290628, 290628, 290554, 298402,
279008, 290639, 290541, 290541, 290639, 298401,
279024, 290566, 290619, 290619, 290566, 298403,
279040, 290608, 290529, 290529, 290608, 298400,
279056, 290542, 290639, 290639, 290542, 298401,
279072, 290628, 290553, 290553, 290628, 298402,
279088, 290681, 290682, 290682, 290681, 298404,
279104, 290693, 290694, 290694, 290693, 298405,
279120, 290694, 290704, 290704, 290694, 298405,
279136, 290715, 290716, 290716, 290715, 298406,
279152, 290716, 290726, 290726, 290716, 298406,
279168, 290737, 290738, 290738, 290737, 298407,
279184, 290738, 290748, 290748, 290738, 298407,
279200, 290759, 290681, 290681, 290759, 298404,
279216, 290769, 290770, 290770, 290769, 298408,
279232, 290781, 290782, 290782, 290781, 298409,
279248, 290793, 290794, 290794, 290793, 298410,
279264, 290805, 290806, 290806, 290805, 298411,
279280, 290726, 290715, 290715, 290726, 298406,
279296, 290704, 290693, 290693, 290704, 298405,
279312, 290682, 290759, 290759, 290682, 298404,
279328, 290748, 290737, 290737, 290748, 298407,
279344, 290770, 290848, 290848, 290770, 298408,
279360, 290859, 290805, 290805, 290859, 298411,
279376, 290794, 290868, 290868, 290794, 298410,
279392, 290879, 290781, 290781, 290879, 298409,
279408, 290806, 290859, 290859, 290806, 298411,
279424, 290848, 290769, 290769, 290848, 298408,
279440, 290782, 290879, 290879, 290782, 298409,
279456, 290868, 290793, 290793, 290868, 298410,
279472, 290921, 290922, 290922, 290921, 298412,
279488, 290933, 290934, 290934, 290933, 298413,
279504, 290934, 290944, 290944, 290934, 298413,
279520, 290955, 290956, 290956, 290955, 298414,
279536, 290956, 290966, 290966, 290956, 298414,
279552, 290977, 290978, 290978, 290977, 298415,
279568, 290978, 290988, 290988, 290978, 298415,
279584, 290999, 290921, 290921, 290999, 298412,
279600, 291009, 291010, 291010, 291009, 298416,
279616, 291021, 291022, 291022, 291021, 298417,
279632, 291033, 291034, 291034, 291033, 298418,
279648, 291045, 291046, 291046, 291045, 298419,
279664, 290966, 290955, 290955, 290966, 298414,
279680, 290944, 290933, 290933, 290944, 298413,
279696, 290922, 290999, 290999, 290922, 298412,
279712, 290988, 290977, 290977, 290988, 298415,
279728, 291010, 291088, 291088, 291010, 298416,
279744, 291099, 291045, 291045, 291099, 298419,
279760, 291034, 291108, 291108, 291034, 298418,
279776, 291119, 291021, 291021, 291119, 298417,
279792, 291046, 291099, 291099, 291046, 298419,
279808, 291088, 291009, 291009, 291088, 298416,
279824, 291022, 291119, 291119, 291022, 298417,
279840, 291108, 291033, 291033, 291108, 298418,
279856, 291161, 291162, 291162, 291161, 298420,
279872, 291173, 291174, 291174, 291173, 298421,
279888, 291185, 291186, 291186, 291185, 298422,
279904, 291197, 291198, 291198, 291197, 298423,
279920, 291174, 291208, 291208, 291174, 298421,
279936, 291219, 291220, 291220, 291219, 298424,
279952, 291231, 291232, 291232, 291231, 298425,
279968, 291243, 291161, 291161, 291243, 298420,
279984, 291253, 291231, 291231, 291253, 298425,
280000, 291220, 291262, 291262, 291220, 298424,
280016, 291273, 291243, 291243, 291273, 298420,
280032, 291232, 291253, 291253, 291232, 298425,
280048, 291262, 291219, 291219, 291262, 298424,
280064, 291208, 291298, 291298, 291208, 298421,
280080, 291309, 291173, 291173, 291309, 298421,
280096, 283468, 283239, 283239, 283468, 298220,
280112, 291298, 291309, 291309, 291298, 298421,
280128, 291162, 291334, 291334, 291162, 298420,
280144, 291334, 291273, 291273, 291334, 298420,
280160, 285080, 284845, 284845, 285080, 298261,
280176, 291198, 291360, 291360, 291198, 298423,
280192, 291371, 291185, 291185, 291371, 298422,
280208, 285202, 285133, 285133, 285202, 298268,
280224, 285122, 285145, 285145, 285122, 298267,
280240, 284870, 285193, 285193, 284870, 298262,
280256, 285182, 285213, 285213, 285182, 298269,
280272, 283122, 283451, 283451, 283122, 298216,
280288, 283098, 283133, 283133, 283098, 298214,
280304, 283178, 283199, 283199, 283178, 298218,
280320, 283188, 283109, 283109, 283188, 298215,
280336, 286324, 286445, 286445, 286324, 298291,
280352, 286434, 284513, 284513, 286434, 298243,
280368, 284502, 286335, 286335, 284502, 298249,
280384, 281676, 283811, 283811, 281676, 298170,
280400, 283800, 281687, 281687, 283800, 298169,
280416, 286518, 284441, 284441, 286518, 298244,
280432, 284454, 286529, 286529, 284454, 298245,
280448, 291186, 291371, 291371, 291186, 298422,
280464, 291360, 291197, 291197, 291360, 298423,
