3556, 4595, 4592, 4592, 4595, 6281,
3557, 4598, 4595, 4595, 4598, 6281,
3557, 4596, 4597, 4597, 4596, 6978,
3558, 4601, 4598, 4598, 4601, 6281,
3558, 4599, 4600, 4600, 4599, 6966,
3559, 4604, 4601, 4601, 4604, 6281,
3559, 4602, 4603, 4603, 4602, 6951,
3560, 4592, 4604, 4604, 4592, 6281,
3561, 4608, 4609, 4609, 4608, 6971,
3562, 4611, 4612, 4612, 4611, 6969,
3566, 4623, 4624, 4624, 4623, 6953,
3569, 4632, 4633, 4633, 4632, 6958,
3570, 4635, 4636, 4636, 4635, 6954,
3573, 4644, 4645, 4645, 4644, 6972,
3574, 4647, 4648, 4648, 4647, 6970,
3577, 4658, 4655, 4655, 4658, 6286,
3577, 4655, 4656, 4656, 4655, 6518,
3577, 4656, 4657, 4657, 4656, 6945,
3577, 4657, 4658, 4658, 4657, 6516,
3578, 4661, 4658, 4658, 4661, 6286,
3578, 4659, 4660, 4660, 4659, 6990,
3579, 4655, 4661, 4661, 4655, 6286,
3579, 4662, 4663, 4663, 4662, 6964,
3580, 4666, 4664, 4664, 4666, 6287,
3580, 4664, 4665, 4665, 4664, 6522,
3580, 4665, 4656, 4656, 4665, 6945,
3580, 4656, 4666, 4666, 4656, 6518,
3581, 4668, 4666, 4666, 4668, 6287,
3581, 4663, 4667, 4667, 4663, 6964,
3582, 4671, 4668, 4668, 4671, 6287,
3582, 4669, 4670, 4670, 4669, 6952,
3583, 4674, 4671, 4671, 4674, 6287,
3583, 4672, 4673, 4673, 4672, 6969,
3584, 4664, 4674, 4674, 4664, 6287,
3584, 4674, 4675, 4675, 4674, 6521,
3584, 4675, 4676, 4676, 4675, 7052,
3584, 4676, 4664, 4664, 4676, 6522,
3585, 4678, 4679, 4679, 4678, 6959,
3586, 4681, 4682, 4682, 4681, 6955,
3589, 4690, 4611, 4611, 4690, 6969,
3590, 4609, 4692, 4692, 4609, 6971,
3597, 4702, 4703, 4703, 4702, 7118,
3600, 4711, 4712, 4712, 4711, 7123,
3601, 4714, 4715, 4715, 4714, 7090,
3602, 4717, 4718, 4718, 4717, 6949,
3603, 4720, 4721, 4721, 4720, 6988,
3604, 4723, 4724, 4724, 4723, 7093,
3605, 4728, 4725, 4725, 4728, 6292,
3605, 4725, 4726, 4726, 4725, 6542,
3605, 4726, 4727, 4727, 4726, 7097,
3605, 4727, 4728, 4728, 4727, 6539,
3606, 4731, 4728, 4728, 4731, 6292,
3606, 4728, 4729, 4729, 4728, 6539,
3606, 4729, 4730, 4730, 4729, 6967,
3606, 4730, 4731, 4731, 4730, 6540,
3608, 4735, 4736, 4736, 4735, 7103,
3609, 4740, 4737, 4737, 4740, 6293,
3609, 4737, 4738, 4738, 4737, 6546,
3609, 4738, 4739, 4739, 4738, 7105,
3609, 4739, 4740, 4740, 4739, 6543,
3610, 4743, 4740, 4740, 4743, 6293,
3610, 4740, 4741, 4741, 4740, 6543,
3610, 4741, 4742, 4742, 4741, 6947,
3610, 4742, 4743, 4743, 4742, 6544,
3612, 4747, 4748, 4748, 4747, 7110,
3613, 4750, 4662, 4662, 4750, 6964,
3614, 4660, 4752, 4752, 4660, 6990,
3615, 4754, 4755, 4755, 4754, 7041,
3616, 4757, 4758, 4758, 4757, 7037,
3617, 4762, 4759, 4759, 4762, 6295,
3617, 4760, 4761, 4761, 4760, 6963,
3618, 4764, 4762, 4762, 4764, 6295,
3618, 4763, 4720, 4720, 4763, 6988,
3619, 4759, 4764, 4764, 4759, 6295,
3619, 4718, 4765, 4765, 4718, 6949,
3620, 4752, 4767, 4767, 4752, 6990,
3621, 4771, 4768, 4768, 4771, 6296,
3621, 4768, 4769, 4769, 4768, 6552,
3621, 4769, 4770, 4770, 4769, 7001,
3621, 4770, 4771, 4771, 4770, 6553,
3622, 4772, 4773, 4773, 4772, 7040,
3623, 4775, 4754, 4754, 4775, 7041,
3624, 4779, 4776, 4776, 4779, 6297,
3625, 4782, 4779, 4779, 4782, 6297,
3626, 4776, 4782, 4782, 4776, 6297,
3627, 4788, 4785, 4785, 4788, 6298,
3627, 4786, 4787, 4787, 4786, 7018,
3628, 4791, 4788, 4788, 4791, 6298,
3629, 4794, 4791, 4791, 4794, 6298,
3630, 4796, 4794, 4794, 4796, 6298,
3630, 4795, 4711, 4711, 4795, 7123,
3631, 4785, 4796, 4796, 4785, 6298,
3632, 4801, 4798, 4798, 4801, 6299,
3632, 4799, 4800, 4800, 4799, 7099,
3633, 4804, 4801, 4801, 4804, 6299,
3634, 4806, 4804, 4804, 4806, 6299,
3635, 4807, 4806, 4806, 4807, 6299,
3635, 4787, 4786, 4786, 4787, 7018,
3636, 4798, 4807, 4807, 4798, 6299,
3637, 4811, 4809, 4809, 4811, 6300,
3637, 4809, 4770, 4770, 4809, 6553,
3637, 4770, 4810, 4810, 4770, 7001,
3637, 4810, 4811, 4811, 4810, 6565,
3638, 4814, 4811, 4811, 4814, 6300,
3638, 4811, 4812, 4812, 4811, 6565,
3638, 4812, 4813, 4813, 4812, 6985,
3638, 4813, 4814, 4814, 4813, 6566,
3639, 4815, 4816, 4816, 4815, 7036,
3640, 4818, 4772, 4772, 4818, 7040,
3641, 4820, 4821, 4821, 4820, 6963,
3642, 4825, 4822, 4822, 4825, 6301,
3642, 4822, 4823, 4823, 4822, 6568,
3642, 4823, 4824, 4824, 4823, 6975,
3642, 4824, 4825, 4825, 4824, 6569,
3643, 4826, 4827, 4827, 4826, 7039,
3644, 4829, 4830, 4830, 4829, 7038,
3645, 4834, 4831, 4831, 4834, 6302,
3645, 4831, 4832, 4832, 4831, 6575,
3645, 4832, 4833, 4833, 4832, 6997,
3645, 4833, 4834, 4834, 4833, 6572,
3646, 4835, 4836, 4836, 4835, 6988,
3647, 4838, 4839, 4839, 4838, 7042,
3648, 4841, 4842, 4842, 4841, 7043,
3649, 4845, 4843, 4843, 4845, 6303,
3649, 4843, 4813, 4813, 4843, 6566,
3649, 4813, 4844, 4844, 4813, 6985,
3649, 4844, 4845, 4845, 4844, 6576,
3650, 4846, 4750, 4750, 4846, 6964,
3651, 4758, 4848, 4848, 4758, 7037,
3652, 4850, 4815, 4815, 4850, 7036,
3653, 4836, 4763, 4763, 4836, 6988,
3654, 4761, 4820, 4820, 4761, 6963,
3655, 4830, 4854, 4854, 4830, 7038,
3656, 4856, 4838, 4838, 4856, 7042,
3657, 4859, 4857, 4857, 4859, 6305,
3657, 4857, 4824, 4824, 4857, 6569,
3657, 4824, 4858, 4858, 4824, 6975,
3657, 4858, 4859, 4859, 4858, 6579,
3658, 4861, 4859, 4859, 4861, 6305,
3658, 4859, 4860, 4860, 4859, 6579,
3658, 4860, 4832, 4832, 4860, 6997,
3658, 4832, 4861, 4861, 4832, 6575,
3659, 4842, 4862, 4862, 4842, 7043,
3660, 4864, 4826, 4826, 4864, 7039,
3661, 4867, 4865, 4865, 4867, 6306,
3661, 4703, 4866, 4866, 4703, 7118,
3662, 4870, 4867, 4867, 4870, 6306,
3662, 4868, 4869, 4869, 4868, 7108,
3663, 4873, 4870, 4870, 4873, 6306,
3663, 4871, 4872, 4872, 4871, 6951,
3664, 4876, 4873, 4873, 4876, 6306,
3664, 4874, 4875, 4875, 4874, 6954,
3665, 4879, 4876, 4876, 4879, 6306,
3665, 4877, 4878, 4878, 4877, 6970,
3666, 4865, 4879, 4879, 4865, 6306,
3667, 4883, 4881, 4881, 4883, 6307,
3667, 4882, 4874, 4874, 4882, 6954,
3668, 4884, 4883, 4883, 4884, 6307,
3668, 4872, 4602, 4602, 4872, 6951,
3669, 4881, 4884, 4884, 4881, 6307,
3669, 4600, 4885, 4885, 4600, 6966,
3670, 4888, 4886, 4886, 4888, 6308,
3671, 4890, 4888, 4888, 4890, 6308,
3671, 4878, 4889, 4889, 4878, 6970,
3672, 4893, 4890, 4890, 4893, 6308,
3672, 4891, 4892, 4892, 4891, 6955,
3673, 4895, 4893, 4893, 4895, 6308,
3673, 4894, 4760, 4760, 4894, 6963,
3674, 4896, 4895, 4895, 4896, 6308,
3674, 4765, 4717, 4717, 4765, 6949,
3675, 4898, 4896, 4896, 4898, 6308,
3675, 4715, 4897, 4897, 4715, 7090,
3676, 4886, 4898, 4898, 4886, 6308,
3676, 4899, 4900, 4900, 4899, 7102,
3677, 4903, 4901, 4901, 4903, 6309,
3677, 4901, 4902, 4902, 4901, 6594,
3677, 4902, 4675, 4675, 4902, 7052,
3677, 4675, 4903, 4903, 4675, 6521,
3678, 4905, 4903, 4903, 4905, 6309,
3678, 4673, 4904, 4904, 4673, 6969,
3679, 4908, 4905, 4905, 4908, 6309,
3679, 4906, 4907, 4907, 4906, 6953,
3680, 4911, 4908, 4908, 4911, 6309,
3680, 4909, 4910, 4910, 4909, 6965,
3681, 4901, 4911, 4911, 4901, 6309,
3681, 4911, 4912, 4912, 4911, 6593,
3681, 4912, 4913, 4913, 4912, 6947,
3681, 4913, 4901, 4901, 4913, 6594,
3682, 4915, 4916, 4916, 4915, 6956,
3683, 4918, 4608, 4608, 4918, 6971,
3686, 4925, 4926, 4926, 4925, 6952,
3687, 4928, 4915, 4915, 4928, 6956,
3690, 4612, 4672, 4672, 4612, 6969,
3691, 4670, 4925, 4925, 4670, 6952,
3694, 4941, 4942, 4942, 4941, 6957,
3695, 4944, 4945, 4945, 4944, 6953,
3698, 4953, 4952, 4952, 4953, 6314,
3698, 4945, 4906, 4906, 4945, 6953,
3699, 4954, 4953, 4953, 4954, 6314,
3699, 4904, 4690, 4690, 4904, 6969,
3700, 4956, 4954, 4954, 4956, 6314,
3701, 4959, 4956, 4956, 4959, 6314,
3701, 4957, 4958, 4958, 4957, 7125,
3702, 4962, 4959, 4959, 4962, 6314,
3702, 4960, 4961, 4961, 4960, 7113,
3703, 4952, 4962, 4962, 4952, 6314,
3704, 4965, 4966, 4966, 4965, 6972,
3705, 4968, 4678, 4678, 4968, 6959,
3708, 4975, 4647, 4647, 4975, 6970,
3709, 4645, 4965, 4965, 4645, 6972,
3712, 4682, 4891, 4891, 4682, 6955,
3713, 4889, 4975, 4975, 4889, 6970,
3716, 4989, 4635, 4635, 4989, 6954,
3717, 4633, 4991, 4991, 4633, 6958,
3720, 4991, 4999, 4999, 4991, 6958,
3721, 5001, 4644, 4644, 5001, 6972,
3724, 5009, 5006, 5006, 5009, 6320,
3725, 5012, 5009, 5009, 5012, 6320,
3726, 5006, 5012, 5012, 5006, 6320,
3727, 5018, 5015, 5015, 5018, 6321,
3727, 5016, 5017, 5017, 5016, 7020,
3728, 5021, 5018, 5018, 5021, 6321,
3729, 5024, 5021, 5021, 5024, 6321,
3730, 5026, 5024, 5024, 5026, 6321,
3730, 5025, 4735, 4735, 5025, 7103,
3731, 5015, 5026, 5026, 5015, 6321,
3732, 5030, 5028, 5028, 5030, 6322,
3732, 5028, 4657, 4657, 5028, 6516,
3732, 4657, 5029, 5029, 4657, 6945,
3732, 5029, 5030, 5030, 5029, 6627,
3733, 5033, 5030, 5030, 5033, 6322,
3733, 5030, 5031, 5031, 5030, 6627,
3733, 5031, 5032, 5032, 5031, 7091,
3733, 5032, 5033, 5033, 5032, 6628,
3734, 5034, 5035, 5035, 5034, 7094,
3735, 5037, 4659, 4659, 5037, 6990,
3736, 5039, 4899, 4899, 5039, 7102,
3737, 4897, 4714, 4714, 4897, 7090,
3738, 4724, 5042, 5042, 4724, 7093,
3739, 5044, 5045, 5045, 5044, 7099,
3741, 4900, 5039, 5039, 4900, 7102,
3742, 5045, 4799, 4799, 5045, 7099,
3744, 5052, 5050, 5050, 5052, 6325,
3744, 5050, 5032, 5032, 5050, 6628,
3744, 5032, 5051, 5051, 5032, 7091,
3744, 5051, 5052, 5052, 5051, 6632,
3745, 5054, 5052, 5052, 5054, 6325,
3745, 5052, 5053, 5053, 5052, 6632,
3745, 5053, 4726, 4726, 5053, 7097,
3745, 4726, 5054, 5054, 4726, 6542,
3746, 4736, 5055, 5055, 4736, 7103,
3747, 5057, 5034, 5034, 5057, 7094,
3748, 5061, 5058, 5058, 5061, 6326,
3748, 5058, 5059, 5059, 5058, 6636,
3748, 5059, 5060, 5060, 5059, 7121,
3748, 5060, 5061, 5061, 5060, 6634,
3749, 5063, 5061, 5061, 5063, 6326,
3749, 5061, 5062, 5062, 5061, 6634,
3749, 5062, 4738, 4738, 5062, 7105,
3749, 4738, 5063, 5063, 4738, 6546,
3750, 4748, 5064, 5064, 4748, 7110,
3751, 5066, 5067, 5067, 5066, 7119,
3752, 5069, 4871, 4871, 5069, 6951,
3753, 4869, 5071, 5071, 4869, 7108,
3754, 5073, 5074, 5074, 5073, 7109,
3756, 5080, 5078, 5078, 5080, 6328,
3756, 5079, 4941, 4941, 5079, 6957,
3757, 5082, 5080, 5080, 5082, 6328,
3758, 5085, 5082, 5082, 5085, 6328,
3758, 5083, 5084, 5084, 5083, 7114,
3759, 5088, 5085, 5085, 5088, 6328,
3759, 5086, 5087, 5087, 5086, 7126,
3760, 5090, 5088, 5088, 5090, 6328,
3761, 5078, 5090, 5090, 5078, 6328,
3761, 4692, 5091, 5091, 4692, 6971,
3762, 5094, 5092, 5092, 5094, 6329,
3762, 5092, 4730, 4730, 5092, 6540,
3762, 4730, 5093, 5093, 4730, 6967,
3762, 5093, 5094, 5094, 5093, 6644,
3763, 5096, 5094, 5094, 5096, 6329,
3763, 5094, 5095, 5095, 5094, 6644,
3763, 5095, 5059, 5059, 5095, 7121,
3763, 5059, 5096, 5096, 5059, 6636,
3764, 5067, 5097, 5097, 5067, 7119,
3766, 4648, 4877, 4877, 4648, 6970,
3767, 4875, 4989, 4989, 4875, 6954,
3770, 5071, 4868, 4868, 5071, 7108,
3771, 4866, 4702, 4702, 4866, 7118,
3772, 4712, 5109, 5109, 4712, 7123,
3773, 5111, 5073, 5073, 5111, 7109,
3774, 4636, 5113, 5113, 4636, 6954,
3778, 4624, 4944, 4944, 4624, 6953,
3779, 4942, 5124, 5124, 4942, 6957,
3786, 5134, 5132, 5132, 5134, 6334,
3787, 5136, 5134, 5134, 5136, 6334,
3787, 5135, 4912, 4912, 5135, 6947,
3787, 4912, 5136, 5136, 4912, 6593,
3788, 5138, 5136, 5136, 5138, 6334,
3788, 4910, 5137, 5137, 4910, 6965,
3789, 5141, 5138, 5138, 5141, 6334,
3789, 5139, 5140, 5140, 5139, 6981,
3790, 5132, 5141, 5141, 5132, 6334,
3791, 5144, 5143, 5143, 5144, 6335,
3792, 5145, 5144, 5144, 5145, 6335,
3792, 5144, 4742, 4742, 5144, 6544,
3792, 4742, 5135, 5135, 4742, 6947,
3793, 5147, 5145, 5145, 5147, 6335,
3794, 5150, 5147, 5147, 5150, 6335,
3795, 5143, 5150, 5150, 5143, 6335,
3796, 5153, 5152, 5152, 5153, 6336,
3796, 4603, 5069, 5069, 4603, 6951,
3797, 5154, 5153, 5153, 5154, 6336,
3798, 5156, 5154, 5154, 5156, 6336,
3799, 5158, 5156, 5156, 5158, 6336,
3800, 5152, 5158, 5158, 5152, 6336,
3801, 5161, 5159, 5159, 5161, 6337,
3801, 5097, 5160, 5160, 5097, 7119,
3802, 5164, 5161, 5161, 5164, 6337,
3803, 5166, 5164, 5164, 5166, 6337,
3804, 5167, 5166, 5166, 5167, 6337,
3804, 5017, 5016, 5016, 5017, 7020,
3805, 5159, 5167, 5167, 5159, 6337,
3806, 5170, 5168, 5168, 5170, 6338,
3806, 5074, 5169, 5169, 5074, 7109,
3807, 5173, 5170, 5170, 5173, 6338,
3808, 5176, 5173, 5173, 5176, 6338,
3809, 5178, 5176, 5176, 5178, 6338,
3810, 5168, 5178, 5178, 5168, 6338,
3811, 5181, 5179, 5179, 5181, 6339,
3811, 5180, 4747, 4747, 5180, 7110,
3812, 5182, 5181, 5181, 5182, 6339,
3813, 5184, 5182, 5182, 5184, 6339,
3814, 5187, 5184, 5184, 5187, 6339,
3815, 5179, 5187, 5187, 5179, 6339,
3816, 5192, 5190, 5190, 5192, 6340,
3816, 5190, 5191, 5191, 5190, 6669,
3816, 5191, 4823, 4823, 5191, 6975,
3816, 4823, 5192, 5192, 4823, 6568,
3817, 4821, 4894, 4894, 4821, 6963,
3818, 4892, 5194, 5194, 4892, 6955,
3819, 5190, 5195, 5195, 5190, 6340,
3819, 5195, 5196, 5196, 5195, 6668,
3819, 5196, 5197, 5197, 5196, 6976,
3819, 5197, 5190, 5190, 5197, 6669,
3829, 5205, 5206, 5206, 5205, 6956,
3833, 5215, 4596, 4596, 5215, 6978,
3836, 5140, 5221, 5221, 5140, 6981,
3846, 5234, 4918, 4918, 5234, 6971,
3847, 4916, 5205, 5205, 4916, 6956,
3852, 5239, 4968, 4968, 5239, 6959,
3853, 4966, 5241, 5241, 4966, 6972,
3856, 5113, 4882, 4882, 5113, 6954,
3857, 4885, 4599, 4599, 4885, 6966,
3858, 4597, 5215, 5215, 4597, 6978,
3872, 5253, 4669, 4669, 5253, 6952,
3873, 4667, 4846, 4846, 4667, 6964,
3874, 5256, 5255, 5255, 5256, 6347,
3874, 5255, 4844, 4844, 5255, 6576,
3874, 4844, 5227, 5227, 4844, 6985,
3874, 5227, 5256, 5256, 5227, 6678,
3875, 5252, 5256, 5256, 5252, 6347,
3875, 5256, 5226, 5226, 5256, 6678,
3875, 5226, 5257, 5257, 5226, 6980,
3875, 5257, 5252, 5252, 5257, 6685,
3876, 5137, 4909, 4909, 5137, 6965,
3877, 4907, 4623, 4623, 4907, 6953,
3879, 5221, 5139, 5139, 5221, 6981,
3880, 5263, 4681, 4681, 5263, 6955,
3881, 4679, 5265, 5265, 4679, 6959,
3888, 5206, 4928, 4928, 5206, 6956,
3889, 4926, 5276, 5276, 4926, 6952,
3901, 5194, 5263, 5263, 5194, 6955,
3904, 5276, 5253, 5253, 5276, 6952,
3908, 5265, 5239, 5239, 5265, 6959,
3914, 5310, 5079, 5079, 5310, 6957,
3915, 5091, 5234, 5234, 5091, 6971,
3916, 5241, 5001, 5001, 5241, 6972,
3917, 4999, 5314, 5314, 4999, 6958,
3925, 5314, 4632, 4632, 5314, 6958,
3928, 5124, 5310, 5310, 5124, 6957,
3936, 5333, 4957, 4957, 5333, 7125,
3939, 5340, 5341, 5341, 5340, 7127,
3942, 5347, 5348, 5348, 5347, 7069,
3943, 5350, 5351, 5351, 5350, 7071,
3946, 5357, 5358, 5358, 5357, 7085,
3947, 5360, 5361, 5361, 5360, 7086,
3949, 4961, 5365, 5365, 4961, 7113,
3950, 5367, 5368, 5368, 5367, 7115,
3952, 5374, 5372, 5372, 5374, 6362,
3953, 5376, 5374, 5374, 5376, 6362,
3953, 5368, 5375, 5375, 5368, 7115,
3954, 5378, 5376, 5376, 5378, 6362,
3954, 5377, 5340, 5340, 5377, 7127,
3955, 5380, 5378, 5378, 5380, 6362,
3956, 5383, 5380, 5380, 5383, 6362,
3956, 5381, 5382, 5382, 5381, 7065,
3957, 5372, 5383, 5383, 5372, 6362,
3957, 5384, 5385, 5385, 5384, 7066,
3958, 5365, 4960, 4960, 5365, 7113,
3959, 4958, 5333, 5333, 4958, 7125,
3960, 5341, 5377, 5377, 5341, 7127,
3961, 5375, 5367, 5367, 5375, 7115,
3964, 5395, 5396, 5396, 5395, 7082,
3965, 5398, 5399, 5399, 5398, 7083,
3968, 5405, 5406, 5406, 5405, 7142,
3969, 5408, 5409, 5409, 5408, 7143,
3972, 5415, 5416, 5416, 5415, 7139,
3973, 5418, 5419, 5419, 5418, 7141,
3976, 5409, 5424, 5424, 5409, 7143,
3981, 5435, 5415, 5415, 5435, 7139,
4000, 5444, 5445, 5445, 5444, 7175,
4005, 5456, 5457, 5457, 5456, 7172,
4016, 5419, 5465, 5465, 5419, 7141,
4021, 5473, 5405, 5405, 5473, 7142,
4024, 5478, 5479, 5479, 5478, 7174,
4029, 5490, 5491, 5491, 5490, 7176,
4036, 5457, 5495, 5495, 5457, 7172,
4037, 5497, 5478, 5478, 5497, 7174,
4040, 5491, 5501, 5501, 5491, 7176,
4041, 5503, 5444, 5444, 5503, 7175,
4048, 5351, 5508, 5508, 5351, 7071,
4049, 5510, 5511, 5511, 5510, 7072,
4058, 5529, 5083, 5083, 5529, 7114,
4061, 5534, 5535, 5535, 5534, 7116,
4064, 5540, 5541, 5541, 5540, 7067,
4065, 5543, 5381, 5381, 5543, 7065,
4068, 5385, 5548, 5548, 5385, 7066,
4069, 5550, 5551, 5551, 5550, 7068,
4072, 5511, 5556, 5556, 5511, 7072,
4073, 5558, 5559, 5559, 5558, 7070,
4076, 5559, 5563, 5563, 5559, 7070,
4077, 5565, 5347, 5347, 5565, 7069,
4080, 5570, 5571, 5571, 5570, 7087,
4081, 5573, 5357, 5357, 5573, 7085,
4084, 5578, 5579, 5579, 5578, 7081,
4085, 5581, 5395, 5395, 5581, 7082,
4088, 5399, 5586, 5586, 5399, 7083,
4089, 5588, 5589, 5589, 5588, 7084,
4092, 5594, 5595, 5595, 5594, 7088,
4093, 5597, 5570, 5570, 5597, 7087,
4096, 5361, 5601, 5601, 5361, 7086,
4097, 5603, 5594, 5594, 5603, 7088,
4098, 5605, 5086, 5086, 5605, 7126,
4099, 5084, 5529, 5529, 5084, 7114,
4100, 5535, 5608, 5608, 5535, 7116,
4104, 5589, 5615, 5615, 5589, 7084,
4105, 5617, 5578, 5578, 5617, 7081,
4107, 5087, 5605, 5605, 5087, 7126,
4112, 5628, 5629, 5629, 5628, 7129,
4113, 5631, 5540, 5540, 5631, 7067,
4114, 5633, 5632, 5632, 5633, 6394,
4115, 5634, 5633, 5633, 5634, 6394,
4115, 5608, 5534, 5534, 5608, 7116,
4116, 5635, 5634, 5634, 5635, 6394,
4117, 5637, 5635, 5635, 5637, 6394,
4117, 5551, 5636, 5636, 5551, 7068,
4118, 5632, 5637, 5637, 5632, 6394,
4118, 5638, 5628, 5628, 5638, 7129,
4119, 5508, 5350, 5350, 5508, 7071,
4120, 5348, 5565, 5565, 5348, 7069,
4121, 5563, 5558, 5558, 5563, 7070,
4122, 5556, 5510, 5510, 5556, 7072,
4123, 5601, 5360, 5360, 5601, 7086,
4124, 5358, 5573, 5573, 5358, 7085,
4125, 5571, 5597, 5597, 5571, 7087,
4126, 5595, 5603, 5603, 5595, 7088,
4127, 5648, 5647, 5647, 5648, 6397,
4127, 5548, 5384, 5384, 5548, 7066,
4128, 5649, 5648, 5648, 5649, 6397,
4128, 5382, 5543, 5543, 5382, 7065,
4129, 5650, 5649, 5649, 5650, 6397,
4129, 5541, 5631, 5631, 5541, 7067,
4130, 5651, 5650, 5650, 5651, 6397,
4130, 5629, 5638, 5638, 5629, 7129,
4131, 5647, 5651, 5651, 5647, 6397,
4131, 5636, 5550, 5550, 5636, 7068,
4132, 5586, 5398, 5398, 5586, 7083,
4133, 5396, 5581, 5581, 5396, 7082,
4134, 5579, 5617, 5617, 5579, 7081,
4135, 5615, 5588, 5588, 5615, 7084,
4141, 5424, 5408, 5408, 5424, 7143,
4142, 5406, 5473, 5473, 5406, 7142,
4144, 5416, 5435, 5435, 5416, 7139,
4147, 5465, 5418, 5418, 5465, 7141,
4153, 5445, 5503, 5503, 5445, 7175,
4154, 5501, 5490, 5490, 5501, 7176,
4164, 5495, 5456, 5456, 5495, 7172,
4167, 5479, 5497, 5497, 5479, 7174,
4168, 5681, 5025, 5025, 5681, 7103,
4172, 5691, 5057, 5057, 5691, 7094,
4173, 5055, 5681, 5681, 5055, 7103,
4176, 5699, 4795, 4795, 5699, 7123,
4181, 5169, 5711, 5711, 5169, 7109,
4184, 5711, 5111, 5111, 5711, 7109,
4185, 5109, 5699, 5699, 5109, 7123,
4189, 4800, 5727, 5727, 4800, 7099,
4192, 5727, 5044, 5044, 5727, 7099,
4193, 5042, 5736, 5736, 5042, 7093,
4197, 5744, 5742, 5742, 5744, 6410,
4197, 5742, 5686, 5686, 5742, 6786,
4197, 5686, 5743, 5743, 5686, 7154,
4197, 5743, 5744, 5744, 5743, 6802,
4198, 5747, 5744, 5744, 5747, 6410,
4198, 5744, 5745, 5745, 5744, 6802,
4198, 5745, 5746, 5746, 5745, 7164,
4198, 5746, 5747, 5747, 5746, 6803,
4204, 5750, 5748, 5748, 5750, 6411,
4205, 5753, 5750, 5750, 5753, 6411,
4205, 5750, 5751, 5751, 5750, 6804,
4205, 5751, 5752, 5752, 5751, 7101,
4205, 5752, 5753, 5753, 5752, 6805,
4206, 5748, 5753, 5753, 5748, 6411,
4206, 5753, 5754, 5754, 5753, 6805,
4206, 5754, 5745, 5745, 5754, 7164,
4206, 5745, 5748, 5748, 5745, 6802,
4207, 5757, 5755, 5755, 5757, 6412,
4207, 5755, 5756, 5756, 5755, 6807,
4207, 5756, 5732, 5732, 5756, 7152,
4207, 5732, 5757, 5757, 5732, 6798,
4210, 5755, 5758, 5758, 5755, 6412,
4210, 5758, 5759, 5759, 5758, 6806,
4210, 5759, 5760, 5760, 5759, 7166,
4210, 5760, 5755, 5755, 5760, 6807,
4215, 5763, 5761, 5761, 5763, 6413,
4216, 5765, 5763, 5763, 5765, 6413,
4216, 5763, 5760, 5760, 5763, 6807,
4216, 5760, 5764, 5764, 5760, 7166,
4216, 5764, 5765, 5765, 5764, 6808,
4217, 5761, 5765, 5765, 5761, 6413,
4217, 5765, 5766, 5766, 5765, 6808,
4217, 5766, 5767, 5767, 5766, 7098,
4217, 5767, 5761, 5761, 5767, 6809,
4218, 5770, 5768, 5768, 5770, 6414,
4218, 5768, 5769, 5769, 5768, 6811,
4218, 5769, 5716, 5716, 5769, 7157,
4218, 5716, 5770, 5770, 5716, 6794,
4221, 5768, 5771, 5771, 5768, 6414,
4221, 5771, 5772, 5772, 5771, 6810,
4221, 5772, 5773, 5773, 5772, 7167,
4221, 5773, 5768, 5768, 5773, 6811,
4223, 5776, 5774, 5774, 5776, 6415,
4223, 5774, 5704, 5704, 5774, 6791,
4223, 5704, 5775, 5775, 5704, 7162,
4223, 5775, 5776, 5776, 5775, 6812,
4224, 5779, 5776, 5776, 5779, 6415,
4224, 5776, 5777, 5777, 5776, 6812,
4224, 5777, 5778, 5778, 5777, 7168,
4224, 5778, 5779, 5779, 5778, 6813,
4230, 5782, 5780, 5780, 5782, 6416,
4231, 5784, 5782, 5782, 5784, 6416,
4231, 5782, 5773, 5773, 5782, 6811,
4231, 5773, 5783, 5783, 5773, 7167,
4231, 5783, 5784, 5784, 5783, 6814,
4232, 5780, 5784, 5784, 5780, 6416,
4232, 5784, 5785, 5785, 5784, 6814,
4232, 5785, 5786, 5786, 5785, 7106,
4232, 5786, 5780, 5780, 5786, 6815,
4233, 5789, 5787, 5787, 5789, 6417,
4234, 5792, 5789, 5789, 5792, 6417,
4234, 5789, 5790, 5790, 5789, 6816,
4234, 5790, 5791, 5791, 5790, 7122,
4234, 5791, 5792, 5792, 5791, 6817,
4235, 5787, 5792, 5792, 5787, 6417,
4235, 5792, 5793, 5793, 5792, 6817,
4235, 5793, 5777, 5777, 5793, 7168,
4235, 5777, 5787, 5787, 5777, 6812,
4236, 5797, 5794, 5794, 5797, 6418,
4237, 5800, 5797, 5797, 5800, 6418,
4237, 5797, 5798, 5798, 5797, 6818,
4237, 5798, 5799, 5799, 5798, 7170,
4237, 5799, 5800, 5800, 5799, 6819,
4238, 5794, 5800, 5800, 5794, 6418,
4238, 5800, 5801, 5801, 5800, 6819,
4238, 5801, 5802, 5802, 5801, 7117,
4238, 5802, 5794, 5794, 5802, 6820,
4242, 5803, 5810, 5810, 5803, 6419,
4242, 5811, 5812, 5812, 5811, 7107,
4246, 5813, 5820, 5820, 5813, 6420,
4246, 5820, 5821, 5821, 5820, 6826,
4246, 5821, 5822, 5822, 5821, 7092,
4246, 5822, 5813, 5813, 5822, 6827,
4248, 5827, 5825, 5825, 5827, 6421,
4248, 5825, 4790, 4790, 5825, 6559,
4248, 4790, 5826, 5826, 4790, 7019,
4248, 5826, 5827, 5827, 5826, 6828,
4250, 5823, 5828, 5828, 5823, 6421,
4250, 5828, 5829, 5829, 5828, 6829,
4250, 5829, 5830, 5830, 5829, 7122,
4250, 5830, 5823, 5823, 5830, 6830,
4252, 5835, 5833, 5833, 5835, 6422,
4252, 5833, 5020, 5020, 5833, 6624,
4252, 5020, 5834, 5834, 5020, 7021,
4252, 5834, 5835, 5835, 5834, 6831,
4254, 5831, 5836, 5836, 5831, 6422,
4254, 5836, 5837, 5837, 5836, 6832,
4254, 5837, 5838, 5838, 5837, 7101,
4254, 5838, 5831, 5831, 5838, 6833,
4259, 5844, 5841, 5841, 5844, 6423,
4259, 5842, 5843, 5843, 5842, 7025,
4260, 5847, 5844, 5844, 5847, 6423,
4261, 5841, 5847, 5847, 5841, 6423,
4262, 5851, 5852, 5852, 5851, 7027,
4266, 5863, 4835, 4835, 5863, 6988,
4267, 5865, 5864, 5864, 5865, 6425,
4267, 5864, 4833, 4833, 5864, 6572,
4267, 4833, 5839, 5839, 4833, 6997,
4267, 5839, 5865, 5865, 5839, 6834,
4268, 5867, 5865, 5865, 5867, 6425,
4268, 5865, 5840, 5840, 5865, 6834,
4268, 5840, 5866, 5866, 5840, 7008,
4268, 5866, 5867, 5867, 5866, 6842,
4269, 5868, 5869, 5869, 5868, 7002,
4275, 5875, 5876, 5876, 5875, 7025,
4281, 5892, 5893, 5893, 5892, 7006,
4282, 5897, 5894, 5894, 5897, 6428,
4283, 5899, 5897, 5897, 5899, 6428,
4283, 5898, 5851, 5851, 5898, 7027,
4284, 5894, 5899, 5899, 5894, 6428,
4288, 5911, 5912, 5912, 5911, 7003,
4295, 5920, 5892, 5892, 5920, 7006,
4303, 5929, 5911, 5911, 5929, 7003,
4306, 5935, 5863, 5863, 5935, 6988,
4307, 5869, 5937, 5937, 5869, 7002,
4309, 5943, 5941, 5941, 5943, 6433,
4309, 5941, 5942, 5942, 5941, 6868,
4309, 5942, 4769, 4769, 5942, 7001,
4309, 4769, 5943, 5943, 4769, 6552,
4310, 4767, 5944, 5944, 4767, 6990,
4311, 5946, 5947, 5947, 5946, 7007,
4312, 5941, 5948, 5948, 5941, 6433,
4312, 5948, 5949, 5949, 5948, 6867,
4312, 5949, 5950, 5950, 5949, 7009,
4312, 5950, 5941, 5941, 5950, 6868,
4319, 5893, 5920, 5920, 5893, 7006,
4325, 5944, 5960, 5960, 5944, 6990,
4328, 5968, 5946, 5946, 5968, 7007,
4336, 5912, 5929, 5929, 5912, 7003,
4350, 5947, 5968, 5968, 5947, 7007,
4365, 5937, 5868, 5868, 5937, 7002,
4375, 6005, 6006, 6006, 6005, 7027,
4383, 6023, 5875, 5875, 6023, 7025,
4392, 5852, 6005, 6005, 5852, 7027,
4393, 6039, 6038, 6038, 6039, 6446,
4394, 6041, 6039, 6039, 6041, 6446,
4395, 6038, 6041, 6041, 6038, 6446,
4399, 5843, 6023, 6023, 5843, 7025,
4400, 6048, 6047, 6047, 6048, 6448,
4401, 6049, 6048, 6048, 6049, 6448,
4402, 6047, 6049, 6049, 6047, 6448,
4403, 6052, 6050, 6050, 6052, 6449,
4404, 6054, 6052, 6052, 6054, 6449,
4405, 6050, 6054, 6054, 6050, 6449,
4405, 5876, 5842, 5842, 5876, 7025,
4408, 6062, 6059, 6059, 6062, 6450,
4408, 6059, 6060, 6060, 6059, 6894,
4408, 6060, 6061, 6061, 6060, 7089,
4408, 6061, 6062, 6062, 6061, 6895,
4410, 6064, 6063, 6063, 6064, 6451,
4410, 6063, 5826, 5826, 6063, 6828,
4410, 5826, 4805, 4805, 5826, 7019,
4410, 4805, 6064, 6064, 4805, 6563,
4412, 6069, 6066, 6066, 6069, 6451,
4412, 6066, 6067, 6067, 6066, 6896,
4412, 6067, 6068, 6068, 6067, 7098,
4412, 6068, 6069, 6069, 6068, 6897,
4414, 6071, 6070, 6070, 6071, 6452,
4414, 5960, 5037, 5037, 5960, 6990,
4415, 6073, 6071, 6071, 6073, 6452,
4415, 5035, 6072, 6072, 5035, 7094,
4416, 6070, 6073, 6073, 6070, 6452,
4419, 6081, 6078, 6078, 6081, 6453,
4419, 6079, 6080, 6080, 6079, 7106,
4421, 6084, 6083, 6083, 6084, 6454,
4421, 6083, 5834, 5834, 6083, 6831,
4421, 5834, 5165, 5165, 5834, 7021,
4421, 5165, 6084, 6084, 5165, 6661,
4423, 6089, 6086, 6086, 6089, 6454,
4423, 6086, 6087, 6087, 6086, 6901,
4423, 6087, 6088, 6088, 6087, 7117,
4423, 6088, 6089, 6089, 6088, 6902,
4425, 6091, 6090, 6090, 6091, 6455,
4425, 6006, 5898, 5898, 6006, 7027,
4426, 6092, 6091, 6091, 6092, 6455,
4427, 6090, 6092, 6092, 6090, 6455,
4431, 6099, 6100, 6100, 6099, 7093,
4433, 5160, 6104, 6104, 5160, 7119,
4436, 6104, 5066, 5066, 6104, 7119,
4437, 5064, 6113, 6113, 5064, 7110,
4440, 5736, 6099, 6099, 5736, 7093,
4445, 6131, 5691, 5691, 6131, 7094,
4448, 6113, 5180, 5180, 6113, 7110,
4452, 6147, 6145, 6145, 6147, 6462,
4452, 6145, 6146, 6146, 6145, 6918,
4452, 6146, 6135, 6135, 6146, 7149,
4452, 6135, 6147, 6147, 6135, 6913,
4455, 6145, 6148, 6148, 6145, 6462,
4455, 6148, 6149, 6149, 6148, 6917,
4455, 6149, 6150, 6150, 6149, 7163,
4455, 6150, 6145, 6145, 6150, 6918,
4456, 6152, 6151, 6151, 6152, 6463,
4456, 5838, 5751, 5751, 5838, 7101,
4456, 5751, 6152, 6152, 5751, 6804,
4457, 6153, 6152, 6152, 6153, 6463,
4458, 6151, 6153, 6153, 6151, 6463,
4459, 6155, 6154, 6154, 6155, 6464,
4460, 6157, 6155, 6155, 6157, 6464,
4461, 6154, 6157, 6157, 6154, 6464,
4461, 6157, 6158, 6158, 6157, 6919,
4461, 6158, 6060, 6060, 6158, 7089,
4462, 6160, 6159, 6159, 6160, 6465,
4463, 6162, 6160, 6160, 6162, 6465,
4463, 6160, 6150, 6150, 6160, 6918,
4463, 6150, 6161, 6161, 6150, 7163,
4463, 6161, 6162, 6162, 6161, 6920,
4464, 6159, 6162, 6162, 6159, 6465,
4464, 6162, 6163, 6163, 6162, 6920,
4464, 6163, 6158, 6158, 6163, 7089,
4464, 6158, 6159, 6159, 6158, 6919,
4466, 6166, 6164, 6164, 6166, 6466,
4466, 6164, 6124, 6124, 6164, 6911,
4466, 6124, 6165, 6165, 6124, 7150,
4466, 6165, 6166, 6166, 6165, 6921,
4467, 6169, 6166, 6166, 6169, 6466,
4467, 6166, 6167, 6167, 6166, 6921,
4467, 6167, 6168, 6168, 6167, 7165,
4467, 6168, 6169, 6169, 6168, 6922,
4469, 6172, 6170, 6170, 6172, 6467,
4469, 5822, 6171, 6171, 5822, 7092,
4469, 6171, 6172, 6172, 6171, 6923,
4470, 6174, 6172, 6172, 6174, 6467,
4471, 6170, 6174, 6174, 6170, 6467,
4472, 6176, 6175, 6175, 6176, 6468,
4473, 6178, 6176, 6176, 6178, 6468,
4473, 6176, 6171, 6171, 6176, 6923,
4473, 6171, 6177, 6177, 6171, 7092,
4473, 6177, 6178, 6178, 6177, 6924,
4474, 6175, 6178, 6178, 6175, 6468,
4474, 6178, 6179, 6179, 6178, 6924,
4474, 6179, 6167, 6167, 6179, 7165,
4474, 6167, 6175, 6175, 6167, 6921,
4475, 6181, 6180, 6180, 6181, 6469,
4475, 6100, 4723, 4723, 6100, 7093,
4476, 6182, 6181, 6181, 6182, 6469,
4476, 4721, 5935, 5935, 4721, 6988,
4477, 6180, 6182, 6182, 6180, 6469,
4479, 6072, 6131, 6131, 6072, 7094,
4482, 6188, 6187, 6187, 6188, 6471,
4483, 6189, 6188, 6188, 6189, 6471,
4484, 6187, 6189, 6189, 6187, 6471,
4484, 6189, 5767, 5767, 6189, 6809,
4484, 5767, 6067, 6067, 5767, 7098,
4485, 6191, 6190, 6190, 6191, 6472,
4486, 6192, 6191, 6191, 6192, 6472,
4487, 6190, 6192, 6192, 6190, 6472,
4487, 6192, 5786, 5786, 6192, 6815,
4487, 5786, 6079, 6079, 5786, 7106,
4488, 6194, 6193, 6193, 6194, 6473,
4488, 5830, 5790, 5790, 5830, 7122,
4488, 5790, 6194, 6194, 5790, 6816,
4489, 6195, 6194, 6194, 6195, 6473,
4490, 6193, 6195, 6195, 6193, 6473,
4491, 6198, 6196, 6196, 6198, 6474,
4491, 5812, 6197, 6197, 5812, 7107,
4491, 6197, 6198, 6198, 6197, 6925,
4492, 6200, 6198, 6198, 6200, 6474,
4493, 6196, 6200, 6200, 6196, 6474,
4495, 6203, 6201, 6201, 6203, 6475,
4495, 6201, 6142, 6142, 6201, 6916,
4495, 6142, 6202, 6202, 6142, 7158,
4495, 6202, 6203, 6203, 6202, 6926,
4496, 6206, 6203, 6203, 6206, 6475,
4496, 6203, 6204, 6204, 6203, 6926,
4496, 6204, 6205, 6205, 6204, 7169,
4496, 6205, 6206, 6206, 6205, 6927,
4502, 6208, 6207, 6207, 6208, 6476,
4502, 6207, 5796, 5796, 6207, 6818,
4502, 5796, 6109, 6109, 5796, 7160,
4502, 6109, 6208, 6208, 6109, 6906,
4505, 6207, 6209, 6209, 6207, 6476,
4505, 6209, 6210, 6210, 6209, 6928,
4505, 6210, 5798, 5798, 6210, 7170,
4505, 5798, 6207, 6207, 5798, 6818,
4506, 6212, 6211, 6211, 6212, 6477,
4507, 6214, 6212, 6212, 6214, 6477,
4507, 6212, 6197, 6197, 6212, 6925,
4507, 6197, 6213, 6213, 6197, 7107,
4507, 6213, 6214, 6214, 6213, 6929,
4508, 6211, 6214, 6214, 6211, 6477,
4508, 6214, 6215, 6215, 6214, 6929,
4508, 6215, 6204, 6204, 6215, 7169,
4508, 6204, 6211, 6211, 6204, 6926,
4509, 6217, 6216, 6216, 6217, 6478,
4510, 6218, 6217, 6217, 6218, 6478,
4511, 6216, 6218, 6218, 6216, 6478,
4511, 6218, 5802, 5802, 6218, 6820,
4511, 5802, 6087, 6087, 5802, 7117,
4512, 4827, 4864, 4864, 4827, 7039,
4513, 4862, 4841, 4841, 4862, 7043,
4514, 4839, 4856, 4856, 4839, 7042,
4515, 4854, 4829, 4829, 4854, 7038,
4516, 4848, 4757, 4757, 4848, 7037,
4517, 4755, 4775, 4775, 4755, 7041,
4518, 4773, 4818, 4818, 4773, 7040,
4519, 4816, 4850, 4850, 4816, 7036,
4521, 6230, 6228, 6228, 6230, 6481,
4521, 6228, 6229, 6229, 6228, 6930,
4521, 6229, 6053, 6053, 6229, 6995,
4521, 6053, 6230, 6230, 6053, 6892,
4523, 6227, 6231, 6231, 6227, 6481,
4523, 6231, 6080, 6080, 6231, 6900,
4523, 6080, 6232, 6232, 6080, 7106,
4523, 6232, 6227, 6227, 6232, 6931,
4531, 6236, 6237, 6237, 6236, 6483,
4531, 6237, 6068, 6068, 6237, 6897,
4531, 6068, 6238, 6238, 6068, 7098,
4531, 6238, 6236, 6236, 6238, 6933,
4536, 6243, 6241, 6241, 6243, 6485,
4536, 6241, 6242, 6242, 6241, 6934,
4536, 6242, 5837, 5837, 6242, 7101,
4536, 5837, 6243, 6243, 5837, 6832,
4540, 6246, 6244, 6244, 6246, 6486,
4540, 6244, 6245, 6245, 6244, 6935,
4540, 6245, 5811, 5811, 6245, 7107,
4540, 5811, 6246, 6246, 5811, 6822,
4542, 6248, 6247, 6247, 6248, 6486,
4542, 6247, 5900, 5900, 6247, 6853,
4542, 5900, 6234, 6234, 5900, 6998,
4542, 6234, 6248, 6248, 6234, 6932,
4545, 6251, 6249, 6249, 6251, 6487,
4545, 6249, 6061, 6061, 6249, 6895,
4545, 6061, 6250, 6250, 6061, 7089,
4545, 6250, 6251, 6251, 6250, 6936,
4554, 6254, 6252, 6252, 6254, 6488,
4554, 6252, 6253, 6253, 6252, 6937,
4554, 6253, 5821, 5821, 6253, 7092,
4554, 5821, 6254, 6254, 5821, 6826,
4560, 6257, 6255, 6255, 6257, 6489,
4560, 6255, 6250, 6250, 6255, 6936,
4560, 6250, 6256, 6256, 6250, 7089,
4560, 6256, 6257, 6257, 6256, 6938,
4561, 6259, 6257, 6257, 6259, 6489,
4561, 6257, 6258, 6258, 6257, 6938,
4561, 6258, 6242, 6242, 6258, 7101,
4561, 6242, 6259, 6259, 6242, 6934,
4566, 6263, 6261, 6261, 6263, 6490,
4566, 6261, 6238, 6238, 6261, 6933,
4566, 6238, 6262, 6262, 6238, 7098,
4566, 6262, 6263, 6263, 6262, 6939,
4567, 6260, 6263, 6263, 6260, 6490,
4567, 6263, 6264, 6264, 6263, 6939,
4567, 6264, 6253, 6253, 6264, 7092,
4567, 6253, 6260, 6260, 6253, 6937,
4568, 6268, 6265, 6265, 6268, 6491,
4568, 6265, 6266, 6266, 6265, 6941,
4568, 6266, 6267, 6267, 6266, 7117,
4568, 6267, 6268, 6268, 6267, 6940,
4569, 6270, 6268, 6268, 6270, 6491,
4569, 6268, 6269, 6269, 6268, 6940,
4569, 6269, 6245, 6245, 6269, 7107,
4569, 6245, 6270, 6270, 6245, 6935,
4582, 6274, 6272, 6272, 6274, 6492,
4582, 6272, 6232, 6232, 6272, 6931,
4582, 6232, 6273, 6273, 6232, 7106,
4582, 6273, 6274, 6274, 6273, 6942,
4583, 6271, 6274, 6274, 6271, 6492,
4583, 6274, 6275, 6275, 6274, 6942,
4583, 6275, 6276, 6276, 6275, 7122,
4583, 6276, 6271, 6271, 6276, 6943,
4586, 6278, 6277, 6277, 6278, 6493,
4586, 6277, 6276, 6276, 6277, 6943,
4586, 6276, 5829, 5829, 6276, 7122,
4586, 5829, 6278, 6278, 5829, 6829,
4589, 6280, 6279, 6279, 6280, 6494,
4589, 6279, 6088, 6088, 6279, 6902,
4589, 6088, 6266, 6266, 6088, 7117,
4589, 6266, 6280, 6280, 6266, 6941,
