31278, 39291, 39292, 39292, 39291, 47300,
31294, 39303, 39291, 39291, 39303, 47300,
31310, 39313, 39314, 39314, 39313, 47366,
31326, 39325, 39303, 39303, 39325, 47300,
31342, 39335, 39336, 39336, 39335, 47361,
31358, 39347, 39325, 39325, 39347, 47300,
31374, 39357, 39358, 39358, 39357, 47349,
31390, 39292, 39347, 39347, 39292, 47300,
31406, 39377, 39378, 39378, 39377, 47364,
31422, 39389, 39390, 39390, 39389, 47362,
31438, 39401, 39402, 39402, 39401, 47351,
31454, 39413, 39414, 39414, 39413, 47356,
31470, 39425, 39426, 39426, 39425, 47352,
31486, 39437, 39438, 39438, 39437, 47365,
31502, 39449, 39450, 39450, 39449, 47363,
31518, 39461, 39462, 39462, 39461, 47301,
31534, 39473, 39461, 39461, 39473, 47301,
31550, 39483, 39484, 39484, 39483, 47369,
31566, 39462, 39473, 39473, 39462, 47301,
31582, 39503, 39504, 39504, 39503, 47359,
31598, 39515, 39516, 39516, 39515, 47302,
31614, 39527, 39515, 39515, 39527, 47302,
31630, 39504, 39536, 39536, 39504, 47359,
31646, 39547, 39527, 39527, 39547, 47302,
31662, 39557, 39558, 39558, 39557, 47350,
31678, 39569, 39547, 39547, 39569, 47302,
31694, 39579, 39580, 39580, 39579, 47362,
31710, 39516, 39569, 39569, 39516, 47302,
31726, 39599, 39600, 39600, 39599, 47357,
31742, 39611, 39612, 39612, 39611, 47353,
31758, 39623, 39389, 39389, 39623, 47362,
31774, 39378, 39632, 39632, 39378, 47364,
31790, 39643, 39644, 39644, 39643, 47415,
31806, 39655, 39656, 39656, 39655, 47417,
31822, 39667, 39668, 39668, 39667, 47402,
31838, 39679, 39680, 39680, 39679, 47348,
31854, 39691, 39692, 39692, 39691, 47368,
31870, 39703, 39704, 39704, 39703, 47403,
31886, 39715, 39716, 39716, 39715, 47407,
31902, 39727, 39728, 39728, 39727, 47410,
31918, 39739, 39503, 39503, 39739, 47359,
31934, 39484, 39748, 39748, 39484, 47369,
31950, 39759, 39760, 39760, 39759, 47383,
31966, 39771, 39772, 39772, 39771, 47379,
31982, 39783, 39784, 39784, 39783, 47303,
31998, 39795, 39796, 39796, 39795, 47358,
32014, 39807, 39783, 39783, 39807, 47303,
32030, 39817, 39691, 39691, 39817, 47368,
32046, 39784, 39807, 39807, 39784, 47303,
32062, 39680, 39834, 39834, 39680, 47348,
32078, 39748, 39844, 39844, 39748, 47369,
32094, 39855, 39856, 39856, 39855, 47382,
32110, 39867, 39759, 39759, 39867, 47383,
32126, 39877, 39878, 39878, 39877, 47304,
32142, 39889, 39877, 39877, 39889, 47304,
32158, 39878, 39889, 39889, 39878, 47304,
32174, 39907, 39908, 39908, 39907, 47305,
32190, 39919, 39920, 39920, 39919, 47374,
32206, 39931, 39907, 39907, 39931, 47305,
32222, 39941, 39931, 39931, 39941, 47305,
32238, 39951, 39941, 39941, 39951, 47305,
32254, 39961, 39655, 39655, 39961, 47417,
32270, 39908, 39951, 39951, 39908, 47305,
32286, 39979, 39980, 39980, 39979, 47306,
32302, 39991, 39992, 39992, 39991, 47405,
32318, 40003, 39979, 39979, 40003, 47306,
32334, 40013, 40003, 40003, 40013, 47306,
32350, 40023, 40013, 40013, 40023, 47306,
32366, 39920, 39919, 39919, 39920, 47374,
32382, 39980, 40023, 40023, 39980, 47306,
32398, 40049, 40050, 40050, 40049, 47378,
32414, 40061, 39855, 39855, 40061, 47382,
32430, 40071, 40072, 40072, 40071, 47358,
32446, 40083, 40084, 40084, 40083, 47381,
32462, 40095, 40096, 40096, 40095, 47380,
32478, 40107, 40108, 40108, 40107, 47368,
32494, 40119, 40120, 40120, 40119, 47384,
32510, 40131, 40132, 40132, 40131, 47385,
32526, 40143, 39739, 39739, 40143, 47359,
32542, 39772, 40152, 40152, 39772, 47379,
32558, 40163, 40049, 40049, 40163, 47378,
32574, 40108, 39817, 39817, 40108, 47368,
32590, 39796, 40071, 40071, 39796, 47358,
32606, 40096, 40188, 40188, 40096, 47380,
32622, 40199, 40119, 40119, 40199, 47384,
32638, 40132, 40208, 40208, 40132, 47385,
32654, 40219, 40083, 40083, 40219, 47381,
32670, 40229, 40230, 40230, 40229, 47307,
32686, 39644, 40240, 40240, 39644, 47415,
32702, 40251, 40229, 40229, 40251, 47307,
32718, 40261, 40262, 40262, 40261, 47408,
32734, 40273, 40251, 40251, 40273, 47307,
32750, 40283, 40284, 40284, 40283, 47349,
32766, 40295, 40273, 40273, 40295, 47307,
32782, 40305, 40306, 40306, 40305, 47352,
32798, 40317, 40295, 40295, 40317, 47307,
32814, 40327, 40328, 40328, 40327, 47363,
32830, 40230, 40317, 40317, 40230, 47307,
32846, 40347, 40348, 40348, 40347, 47308,
32862, 40359, 40305, 40305, 40359, 47352,
32878, 40369, 40347, 40347, 40369, 47308,
32894, 40284, 39357, 39357, 40284, 47349,
32910, 40348, 40369, 40369, 40348, 47308,
32926, 39336, 40394, 40394, 39336, 47361,
32942, 40405, 40406, 40406, 40405, 47309,
32958, 40417, 40405, 40405, 40417, 47309,
32974, 40328, 40426, 40426, 40328, 47363,
32990, 40437, 40417, 40417, 40437, 47309,
33006, 40447, 40448, 40448, 40447, 47353,
33022, 40459, 40437, 40437, 40459, 47309,
33038, 40469, 39795, 39795, 40469, 47358,
33054, 40479, 40459, 40459, 40479, 47309,
33070, 39834, 39679, 39679, 39834, 47348,
33086, 40497, 40479, 40479, 40497, 47309,
33102, 39668, 40506, 40506, 39668, 47402,
33118, 40406, 40497, 40497, 40406, 47309,
33134, 40525, 40526, 40526, 40525, 47406,
33150, 40537, 40538, 40538, 40537, 47310,
33166, 40549, 40537, 40537, 40549, 47310,
33182, 39580, 40558, 40558, 39580, 47362,
33198, 40569, 40549, 40549, 40569, 47310,
33214, 40579, 40580, 40580, 40579, 47351,
33230, 40591, 40569, 40569, 40591, 47310,
33246, 40601, 40602, 40602, 40601, 47360,
33262, 40538, 40591, 40591, 40538, 47310,
33278, 40621, 40622, 40622, 40621, 47354,
33294, 40633, 39377, 39377, 40633, 47364,
33310, 40643, 40644, 40644, 40643, 47350,
33326, 40655, 40621, 40621, 40655, 47354,
33342, 39390, 39579, 39579, 39390, 47362,
33358, 39558, 40643, 40643, 39558, 47350,
33374, 40681, 40682, 40682, 40681, 47355,
33390, 40693, 40694, 40694, 40693, 47351,
33406, 40705, 40706, 40706, 40705, 47311,
33422, 40694, 40579, 40579, 40694, 47351,
33438, 40725, 40705, 40705, 40725, 47311,
33454, 40558, 39623, 39623, 40558, 47362,
33470, 40743, 40725, 40725, 40743, 47311,
33486, 40753, 40743, 40743, 40753, 47311,
33502, 40763, 40764, 40764, 40763, 47418,
33518, 40775, 40753, 40753, 40775, 47311,
33534, 40785, 40786, 40786, 40785, 47411,
33550, 40706, 40775, 40775, 40706, 47311,
33566, 40805, 40806, 40806, 40805, 47365,
33582, 40817, 39599, 39599, 40817, 47357,
33598, 40827, 39449, 39449, 40827, 47363,
33614, 39438, 40805, 40805, 39438, 47365,
33630, 39612, 40447, 40447, 39612, 47353,
33646, 40426, 40827, 40827, 40426, 47363,
33662, 40861, 39425, 39425, 40861, 47352,
33678, 39414, 40870, 40870, 39414, 47356,
33694, 40870, 40880, 40880, 40870, 47356,
33710, 40891, 39437, 39437, 40891, 47365,
33726, 40901, 40902, 40902, 40901, 47312,
33742, 40913, 40901, 40901, 40913, 47312,
33758, 40902, 40913, 40913, 40902, 47312,
33774, 40931, 40932, 40932, 40931, 47313,
33790, 40943, 40944, 40944, 40943, 47375,
33806, 40955, 40931, 40931, 40955, 47313,
33822, 40965, 40955, 40955, 40965, 47313,
33838, 40975, 40965, 40965, 40975, 47313,
33854, 40985, 39715, 39715, 40985, 47407,
33870, 40932, 40975, 40975, 40932, 47313,
33886, 41003, 41004, 41004, 41003, 47404,
33902, 41015, 39483, 39483, 41015, 47369,
33918, 41025, 40525, 40525, 41025, 47406,
33934, 40506, 39667, 39667, 40506, 47402,
33950, 39704, 41042, 41042, 39704, 47403,
33966, 41053, 41054, 41054, 41053, 47405,
33982, 40526, 41025, 41025, 40526, 47406,
33998, 41054, 39991, 39991, 41054, 47405,
34014, 39716, 41080, 41080, 39716, 47407,
34030, 41091, 41003, 41003, 41091, 47404,
34046, 39728, 41100, 41100, 39728, 47410,
34062, 41111, 41112, 41112, 41111, 47416,
34078, 41123, 40283, 40283, 41123, 47349,
34094, 40262, 41132, 41132, 40262, 47408,
34110, 41143, 41144, 41144, 41143, 47409,
34126, 41155, 41156, 41156, 41155, 47314,
34142, 41167, 40681, 40681, 41167, 47355,
34158, 41177, 41155, 41155, 41177, 47314,
34174, 41187, 41177, 41177, 41187, 47314,
34190, 41197, 41198, 41198, 41197, 47412,
34206, 41209, 41187, 41187, 41209, 47314,
34222, 41219, 41220, 41220, 41219, 47419,
34238, 41231, 41209, 41209, 41231, 47314,
34254, 41156, 41231, 41231, 41156, 47314,
34270, 39632, 41248, 41248, 39632, 47364,
34286, 41112, 41258, 41258, 41112, 47416,
34302, 39450, 40327, 40327, 39450, 47363,
34318, 40306, 40861, 40861, 40306, 47352,
34334, 41132, 40261, 40261, 41132, 47408,
34350, 40240, 39643, 39643, 40240, 47415,
34366, 39656, 41300, 41300, 39656, 47417,
34382, 41311, 41143, 41143, 41311, 47409,
34398, 39426, 41320, 41320, 39426, 47352,
34414, 39402, 40693, 40693, 39402, 47351,
34430, 40682, 41338, 41338, 40682, 47355,
34446, 41349, 41350, 41350, 41349, 47315,
34462, 41361, 41349, 41349, 41361, 47315,
34478, 41371, 41361, 41361, 41371, 47315,
34494, 40602, 41380, 41380, 40602, 47360,
34510, 41391, 41371, 41371, 41391, 47315,
34526, 41401, 41402, 41402, 41401, 47367,
34542, 41350, 41391, 41391, 41350, 47315,
34558, 41421, 41422, 41422, 41421, 47316,
34574, 41433, 41421, 41421, 41433, 47316,
34590, 41443, 41433, 41433, 41443, 47316,
34606, 41453, 41443, 41443, 41453, 47316,
34622, 41422, 41453, 41453, 41422, 47316,
34638, 41471, 41472, 41472, 41471, 47317,
34654, 39358, 41123, 41123, 39358, 47349,
34670, 41491, 41471, 41471, 41491, 47317,
34686, 41501, 41491, 41491, 41501, 47317,
34702, 41511, 41501, 41501, 41511, 47317,
34718, 41472, 41511, 41511, 41472, 47317,
34734, 41529, 41530, 41530, 41529, 47318,
34750, 41258, 41540, 41540, 41258, 47416,
34766, 41551, 41529, 41529, 41551, 47318,
34782, 41561, 41551, 41551, 41561, 47318,
34798, 41571, 41561, 41561, 41571, 47318,
34814, 40944, 40943, 40943, 40944, 47375,
34830, 41530, 41571, 41571, 41530, 47318,
34846, 41597, 41598, 41598, 41597, 47319,
34862, 41144, 41608, 41608, 41144, 47409,
34878, 41619, 41597, 41597, 41619, 47319,
34894, 41629, 41619, 41619, 41629, 47319,
34910, 41639, 41629, 41629, 41639, 47319,
34926, 41598, 41639, 41639, 41598, 47319,
34942, 41657, 41658, 41658, 41657, 47320,
34958, 41669, 39727, 39727, 41669, 47410,
34974, 41679, 41657, 41657, 41679, 47320,
34990, 41689, 41679, 41679, 41689, 47320,
35006, 41699, 41689, 41689, 41699, 47320,
35022, 41658, 41699, 41699, 41658, 47320,
35038, 40072, 40469, 40469, 40072, 47358,
35054, 40448, 41724, 41724, 40448, 47353,
35070, 41735, 41736, 41736, 41735, 47354,
35086, 41747, 39313, 39313, 41747, 47366,
35102, 41402, 41756, 41756, 41402, 47367,
35118, 41767, 40633, 40633, 41767, 47364,
35134, 40622, 41735, 41735, 40622, 47354,
35150, 41785, 40817, 40817, 41785, 47357,
35166, 40806, 41794, 41794, 40806, 47365,
35182, 41320, 40359, 40359, 41320, 47352,
35198, 40394, 39335, 39335, 40394, 47361,
35214, 39314, 41747, 41747, 39314, 47366,
35230, 41829, 39557, 39557, 41829, 47350,
35246, 39536, 40143, 40143, 39536, 47359,
35262, 41380, 40601, 40601, 41380, 47360,
35278, 40580, 39401, 39401, 40580, 47351,
35294, 41756, 41401, 41401, 41756, 47367,
35310, 41871, 39611, 39611, 41871, 47353,
35326, 39600, 41880, 41880, 39600, 47357,
35342, 41736, 40655, 40655, 41736, 47354,
35358, 40644, 41898, 41898, 40644, 47350,
35374, 41724, 41871, 41871, 41724, 47353,
35390, 41898, 41829, 41829, 41898, 47350,
35406, 41880, 41785, 41785, 41880, 47357,
35422, 41933, 41167, 41167, 41933, 47355,
35438, 41248, 41767, 41767, 41248, 47364,
35454, 41794, 40891, 40891, 41794, 47365,
35470, 40880, 41958, 41958, 40880, 47356,
35486, 41958, 39413, 39413, 41958, 47356,
35502, 41338, 41933, 41933, 41338, 47355,
35518, 41985, 40763, 40763, 41985, 47418,
35534, 41995, 41996, 41996, 41995, 47420,
35550, 42007, 42008, 42008, 42007, 47390,
35566, 42019, 42020, 42020, 42019, 47392,
35582, 42031, 42032, 42032, 42031, 47398,
35598, 42043, 42044, 42044, 42043, 47399,
35614, 40786, 42054, 42054, 40786, 47411,
35630, 42065, 42066, 42066, 42065, 47413,
35646, 42077, 42078, 42078, 42077, 47321,
35662, 42089, 42077, 42077, 42089, 47321,
35678, 42066, 42098, 42098, 42066, 47413,
35694, 42109, 42089, 42089, 42109, 47321,
35710, 42119, 41995, 41995, 42119, 47420,
35726, 42129, 42109, 42109, 42129, 47321,
35742, 42139, 42129, 42129, 42139, 47321,
35758, 42149, 42150, 42150, 42149, 47386,
35774, 42078, 42139, 42139, 42078, 47321,
35790, 42169, 42170, 42170, 42169, 47387,
35806, 42054, 40785, 40785, 42054, 47411,
35822, 40764, 41985, 41985, 40764, 47418,
35838, 41996, 42119, 42119, 41996, 47420,
35854, 42098, 42065, 42065, 42098, 47413,
35870, 42213, 42214, 42214, 42213, 47395,
35886, 42225, 42226, 42226, 42225, 47396,
35902, 42237, 42238, 42238, 42237, 47424,
35918, 42249, 42250, 42250, 42249, 47425,
35934, 42261, 42262, 42262, 42261, 47422,
35950, 42273, 42274, 42274, 42273, 47423,
35966, 42250, 42284, 42284, 42250, 47425,
35982, 42295, 42261, 42261, 42295, 47422,
35998, 42305, 42306, 42306, 42305, 47428,
36014, 42317, 42318, 42318, 42317, 47426,
36030, 42274, 42328, 42328, 42274, 47423,
36046, 42339, 42237, 42237, 42339, 47424,
36062, 42349, 42350, 42350, 42349, 47427,
36078, 42361, 42362, 42362, 42361, 47429,
36094, 42318, 42372, 42372, 42318, 47426,
36110, 42383, 42349, 42349, 42383, 47427,
36126, 42362, 42392, 42392, 42362, 47429,
36142, 42403, 42305, 42305, 42403, 47428,
36158, 42020, 42412, 42412, 42020, 47392,
36174, 42423, 42424, 42424, 42423, 47393,
36190, 42435, 41197, 41197, 42435, 47412,
36206, 42445, 42446, 42446, 42445, 47414,
36222, 42457, 42458, 42458, 42457, 47388,
36238, 42469, 42149, 42149, 42469, 47386,
36254, 42170, 42478, 42478, 42170, 47387,
36270, 42489, 42490, 42490, 42489, 47389,
36286, 42424, 42500, 42500, 42424, 47393,
36302, 42511, 42512, 42512, 42511, 47391,
36318, 42512, 42522, 42522, 42512, 47391,
36334, 42533, 42007, 42007, 42533, 47390,
36350, 42543, 42544, 42544, 42543, 47400,
36366, 42555, 42031, 42031, 42555, 47398,
36382, 42565, 42566, 42566, 42565, 47394,
36398, 42577, 42213, 42213, 42577, 47395,
36414, 42226, 42586, 42586, 42226, 47396,
36430, 42597, 42598, 42598, 42597, 47397,
36446, 42609, 42610, 42610, 42609, 47401,
36462, 42621, 42543, 42543, 42621, 47400,
36478, 42044, 42630, 42630, 42044, 47399,
36494, 42641, 42609, 42609, 42641, 47401,
36510, 42651, 41219, 41219, 42651, 47419,
36526, 41198, 42435, 42435, 41198, 47412,
36542, 42446, 42668, 42668, 42446, 47414,
36558, 42598, 42678, 42678, 42598, 47397,
36574, 42689, 42565, 42565, 42689, 47394,
36590, 41220, 42651, 42651, 41220, 47419,
36606, 42707, 42708, 42708, 42707, 47421,
36622, 42719, 42457, 42457, 42719, 47388,
36638, 42729, 42730, 42730, 42729, 47322,
36654, 42741, 42729, 42729, 42741, 47322,
36670, 42668, 42445, 42445, 42668, 47414,
36686, 42759, 42741, 42741, 42759, 47322,
36702, 42769, 42759, 42759, 42769, 47322,
36718, 42490, 42778, 42778, 42490, 47389,
36734, 42730, 42769, 42769, 42730, 47322,
36750, 42797, 42707, 42707, 42797, 47421,
36766, 42412, 42019, 42019, 42412, 47392,
36782, 42008, 42533, 42533, 42008, 47390,
36798, 42522, 42511, 42511, 42522, 47391,
36814, 42500, 42423, 42423, 42500, 47393,
36830, 42630, 42043, 42043, 42630, 47399,
36846, 42032, 42555, 42555, 42032, 47398,
36862, 42544, 42621, 42621, 42544, 47400,
36878, 42610, 42641, 42641, 42610, 47401,
36894, 42871, 42872, 42872, 42871, 47323,
36910, 42478, 42169, 42169, 42478, 47387,
36926, 42891, 42871, 42871, 42891, 47323,
36942, 42150, 42469, 42469, 42150, 47386,
36958, 42909, 42891, 42891, 42909, 47323,
36974, 42458, 42719, 42719, 42458, 47388,
36990, 42927, 42909, 42909, 42927, 47323,
37006, 42708, 42797, 42797, 42708, 47421,
37022, 42872, 42927, 42927, 42872, 47323,
37038, 42778, 42489, 42489, 42778, 47389,
37054, 42586, 42225, 42225, 42586, 47396,
37070, 42214, 42577, 42577, 42214, 47395,
37086, 42566, 42689, 42689, 42566, 47394,
37102, 42678, 42597, 42597, 42678, 47397,
37118, 42284, 42249, 42249, 42284, 47425,
37134, 42238, 42339, 42339, 42238, 47424,
37150, 42262, 42295, 42295, 42262, 47422,
37166, 42328, 42273, 42273, 42328, 47423,
37182, 42306, 42403, 42403, 42306, 47428,
37198, 42392, 42361, 42361, 42392, 47429,
37214, 42372, 42317, 42317, 42372, 47426,
37230, 42350, 42383, 42383, 42350, 47427,
37246, 43057, 40985, 40985, 43057, 47407,
37262, 43067, 41091, 41091, 43067, 47404,
37278, 41080, 43057, 43057, 41080, 47407,
37294, 43085, 39961, 39961, 43085, 47417,
37310, 41608, 43094, 43094, 41608, 47409,
37326, 43094, 41311, 41311, 43094, 47409,
37342, 41300, 43085, 43085, 41300, 47417,
37358, 39992, 43120, 43120, 39992, 47405,
37374, 43120, 41053, 41053, 43120, 47405,
37390, 41042, 43138, 43138, 41042, 47403,
37406, 43149, 43150, 43150, 43149, 47324,
37422, 43161, 43149, 43149, 43161, 47324,
37438, 43150, 43161, 43161, 43150, 47324,
37454, 43179, 43180, 43180, 43179, 47325,
37470, 43191, 43179, 43179, 43191, 47325,
37486, 43180, 43191, 43191, 43180, 47325,
37502, 43209, 43210, 43210, 43209, 47326,
37518, 43221, 43209, 43209, 43221, 47326,
37534, 43210, 43221, 43221, 43210, 47326,
37550, 43239, 43240, 43240, 43239, 47327,
37566, 43251, 43239, 43239, 43251, 47327,
37582, 43240, 43251, 43251, 43240, 47327,
37598, 43269, 43270, 43270, 43269, 47328,
37614, 43281, 43269, 43269, 43281, 47328,
37630, 43270, 43281, 43281, 43270, 47328,
37646, 43299, 43300, 43300, 43299, 47329,
37662, 43311, 43312, 43312, 43311, 47376,
37678, 43323, 43299, 43299, 43323, 47329,
37694, 43300, 43323, 43323, 43300, 47329,
37710, 43341, 43342, 43342, 43341, 47377,
37726, 43353, 40107, 40107, 43353, 47368,
37742, 43363, 43364, 43364, 43363, 47370,
37758, 43375, 43376, 43376, 43375, 47376,
37774, 43387, 43388, 43388, 43387, 47372,
37790, 43399, 43400, 43400, 43399, 47330,
37806, 43411, 43399, 43399, 43411, 47330,
37822, 43421, 43341, 43341, 43421, 47377,
37838, 43400, 43411, 43411, 43400, 47330,
37854, 43439, 43440, 43440, 43439, 47371,
37870, 43451, 43387, 43387, 43451, 47372,
37886, 43461, 43439, 43439, 43461, 47371,
37902, 43471, 43353, 43353, 43471, 47368,
37918, 43364, 43480, 43480, 43364, 47370,
37934, 39844, 43490, 43490, 39844, 47369,
37950, 43501, 43502, 43502, 43501, 47373,
37966, 43388, 43451, 43451, 43388, 47372,
37982, 43490, 43520, 43520, 43490, 47369,
37998, 43531, 43501, 43501, 43531, 47373,
38014, 43440, 43461, 43461, 43440, 47371,
38030, 43502, 43531, 43531, 43502, 47373,
38046, 43480, 43363, 43363, 43480, 47370,
38062, 43565, 43566, 43566, 43565, 47377,
38078, 43577, 43375, 43375, 43577, 47376,
38094, 43342, 43565, 43565, 43342, 47377,
38110, 43595, 43596, 43596, 43595, 47331,
38126, 43607, 43595, 43595, 43607, 47331,
38142, 43596, 43607, 43607, 43596, 47331,
38158, 43312, 43577, 43577, 43312, 47376,
38174, 43633, 43634, 43634, 43633, 47332,
38190, 43645, 43633, 43633, 43645, 47332,
38206, 43634, 43645, 43645, 43634, 47332,
38222, 43663, 43664, 43664, 43663, 47333,
38238, 43675, 43663, 43663, 43675, 47333,
38254, 43664, 43675, 43675, 43664, 47333,
38270, 43376, 43311, 43311, 43376, 47376,
38286, 43701, 43702, 43702, 43701, 47334,
38302, 43520, 41015, 41015, 43520, 47369,
38318, 43721, 43701, 43701, 43721, 47334,
38334, 41004, 43730, 43730, 41004, 47404,
38350, 43702, 43721, 43721, 43702, 47334,
38366, 43749, 43750, 43750, 43749, 47335,
38382, 43566, 43421, 43421, 43566, 47377,
38398, 43769, 43749, 43749, 43769, 47335,
38414, 43750, 43769, 43769, 43750, 47335,
38430, 43787, 43788, 43788, 43787, 47403,
38446, 41540, 43798, 43798, 41540, 47416,
38462, 43798, 41111, 41111, 43798, 47416,
38478, 41100, 43816, 43816, 41100, 47410,
38494, 43138, 43787, 43787, 43138, 47403,
38510, 43835, 43067, 43067, 43835, 47404,
38526, 43816, 41669, 41669, 43816, 47410,
38542, 43853, 43854, 43854, 43853, 47336,
38558, 43865, 43853, 43853, 43865, 47336,
38574, 43854, 43865, 43865, 43854, 47336,
38590, 43883, 43884, 43884, 43883, 47337,
38606, 43895, 43883, 43883, 43895, 47337,
38622, 43884, 43895, 43895, 43884, 47337,
38638, 43913, 43914, 43914, 43913, 47338,
38654, 43925, 43913, 43913, 43925, 47338,
38670, 43914, 43925, 43925, 43914, 47338,
38686, 43943, 43944, 43944, 43943, 47339,
38702, 43955, 43943, 43943, 43955, 47339,
38718, 43944, 43955, 43955, 43944, 47339,
38734, 43973, 43974, 43974, 43973, 47340,
38750, 43985, 43973, 43973, 43985, 47340,
38766, 43974, 43985, 43985, 43974, 47340,
38782, 44003, 44004, 44004, 44003, 47341,
38798, 43788, 39703, 39703, 43788, 47403,
38814, 44023, 44003, 44003, 44023, 47341,
38830, 39692, 43471, 43471, 39692, 47368,
38846, 44004, 44023, 44023, 44004, 47341,
38862, 43730, 43835, 43835, 43730, 47404,
38878, 44057, 44058, 44058, 44057, 47342,
38894, 44069, 44057, 44057, 44069, 47342,
38910, 44058, 44069, 44069, 44058, 47342,
38926, 44087, 44088, 44088, 44087, 47343,
38942, 44099, 44087, 44087, 44099, 47343,
38958, 44088, 44099, 44099, 44088, 47343,
38974, 44117, 44118, 44118, 44117, 47344,
38990, 44129, 44117, 44117, 44129, 47344,
39006, 44118, 44129, 44129, 44118, 47344,
39022, 44147, 44148, 44148, 44147, 47345,
39038, 44159, 44147, 44147, 44159, 47345,
39054, 44148, 44159, 44159, 44148, 47345,
39070, 44177, 44178, 44178, 44177, 47346,
39086, 44189, 44177, 44177, 44189, 47346,
39102, 44178, 44189, 44189, 44178, 47346,
39118, 44207, 44208, 44208, 44207, 47347,
39134, 44219, 44207, 44207, 44219, 47347,
39150, 44208, 44219, 44219, 44208, 47347,
39166, 40084, 40219, 40219, 40084, 47381,
39182, 40208, 40131, 40131, 40208, 47385,
39198, 40120, 40199, 40199, 40120, 47384,
39214, 40188, 40095, 40095, 40188, 47380,
39230, 40152, 39771, 39771, 40152, 47379,
39246, 39760, 39867, 39867, 39760, 47383,
39262, 39856, 40061, 40061, 39856, 47382,
39278, 40050, 40163, 40163, 40050, 47378,
