16281, 23198, 23199, 23199, 23198, 31138,
16297, 23210, 23198, 23198, 23210, 31138,
16305, 23220, 23221, 23221, 23220, 31204,
16313, 23232, 23210, 23210, 23232, 31138,
16321, 23242, 23243, 23243, 23242, 31199,
16329, 23254, 23232, 23232, 23254, 31138,
16337, 23264, 23265, 23265, 23264, 31187,
16345, 23199, 23254, 23254, 23199, 31138,
16369, 23284, 23285, 23285, 23284, 31202,
16385, 23296, 23297, 23297, 23296, 31200,
16401, 23308, 23309, 23309, 23308, 31189,
16417, 23320, 23321, 23321, 23320, 31194,
16433, 23332, 23333, 23333, 23332, 31190,
16449, 23344, 23345, 23345, 23344, 31203,
16465, 23356, 23357, 23357, 23356, 31201,
16473, 23368, 23369, 23369, 23368, 31139,
16489, 23380, 23368, 23368, 23380, 31139,
16497, 23390, 23391, 23391, 23390, 31207,
16505, 23369, 23380, 23380, 23369, 31139,
16513, 23410, 23411, 23411, 23410, 31197,
16521, 23422, 23423, 23423, 23422, 31140,
16537, 23434, 23422, 23422, 23434, 31140,
16545, 23411, 23443, 23443, 23411, 31197,
16553, 23454, 23434, 23434, 23454, 31140,
16561, 23464, 23465, 23465, 23464, 31188,
16569, 23476, 23454, 23454, 23476, 31140,
16577, 23486, 23487, 23487, 23486, 31200,
16585, 23423, 23476, 23476, 23423, 31140,
16609, 23506, 23507, 23507, 23506, 31195,
16625, 23518, 23519, 23519, 23518, 31191,
16641, 23530, 23296, 23296, 23530, 31200,
16657, 23285, 23539, 23539, 23285, 31202,
16673, 23550, 23551, 23551, 23550, 31253,
16689, 23562, 23563, 23563, 23562, 31255,
16705, 23574, 23575, 23575, 23574, 31240,
16721, 23586, 23587, 23587, 23586, 31186,
16737, 23598, 23599, 23599, 23598, 31206,
16753, 23610, 23611, 23611, 23610, 31241,
16769, 23622, 23623, 23623, 23622, 31245,
16785, 23634, 23635, 23635, 23634, 31248,
16801, 23646, 23410, 23410, 23646, 31197,
16817, 23391, 23655, 23655, 23391, 31207,
16833, 23666, 23667, 23667, 23666, 31221,
16849, 23678, 23679, 23679, 23678, 31217,
16857, 23690, 23691, 23691, 23690, 31141,
16865, 23702, 23703, 23703, 23702, 31196,
16873, 23714, 23690, 23690, 23714, 31141,
16881, 23724, 23598, 23598, 23724, 31206,
16889, 23691, 23714, 23714, 23691, 31141,
16897, 23587, 23741, 23741, 23587, 31186,
16913, 23655, 23751, 23751, 23655, 31207,
16929, 23762, 23763, 23763, 23762, 31220,
16945, 23774, 23666, 23666, 23774, 31221,
16953, 23784, 23785, 23785, 23784, 31142,
16969, 23796, 23784, 23784, 23796, 31142,
16985, 23785, 23796, 23796, 23785, 31142,
17001, 23814, 23815, 23815, 23814, 31143,
17009, 23826, 23827, 23827, 23826, 31212,
17017, 23838, 23814, 23814, 23838, 31143,
17033, 23848, 23838, 23838, 23848, 31143,
17049, 23858, 23848, 23848, 23858, 31143,
17057, 23868, 23562, 23562, 23868, 31255,
17065, 23815, 23858, 23858, 23815, 31143,
17081, 23886, 23887, 23887, 23886, 31144,
17089, 23898, 23899, 23899, 23898, 31243,
17097, 23910, 23886, 23886, 23910, 31144,
17113, 23920, 23910, 23910, 23920, 31144,
17129, 23930, 23920, 23920, 23930, 31144,
17137, 23827, 23826, 23826, 23827, 31212,
17145, 23887, 23930, 23930, 23887, 31144,
17169, 23956, 23957, 23957, 23956, 31216,
17185, 23968, 23762, 23762, 23968, 31220,
17201, 23978, 23979, 23979, 23978, 31196,
17217, 23990, 23991, 23991, 23990, 31219,
17233, 24002, 24003, 24003, 24002, 31218,
17249, 24014, 24015, 24015, 24014, 31206,
17265, 24026, 24027, 24027, 24026, 31222,
17281, 24038, 24039, 24039, 24038, 31223,
17297, 24050, 23646, 23646, 24050, 31197,
17313, 23679, 24059, 24059, 23679, 31217,
17329, 24070, 23956, 23956, 24070, 31216,
17345, 24015, 23724, 23724, 24015, 31206,
17361, 23703, 23978, 23978, 23703, 31196,
17377, 24003, 24095, 24095, 24003, 31218,
17393, 24106, 24026, 24026, 24106, 31222,
17409, 24039, 24115, 24115, 24039, 31223,
17425, 24126, 23990, 23990, 24126, 31219,
17433, 24136, 24137, 24137, 24136, 31145,
17441, 23551, 24147, 24147, 23551, 31253,
17449, 24158, 24136, 24136, 24158, 31145,
17457, 24168, 24169, 24169, 24168, 31246,
17465, 24180, 24158, 24158, 24180, 31145,
17473, 24190, 24191, 24191, 24190, 31187,
17481, 24202, 24180, 24180, 24202, 31145,
17489, 24212, 24213, 24213, 24212, 31190,
17497, 24224, 24202, 24202, 24224, 31145,
17505, 24234, 24235, 24235, 24234, 31201,
17513, 24137, 24224, 24224, 24137, 31145,
17529, 24254, 24255, 24255, 24254, 31146,
17537, 24266, 24212, 24212, 24266, 31190,
17545, 24276, 24254, 24254, 24276, 31146,
17553, 24191, 23264, 23264, 24191, 31187,
17561, 24255, 24276, 24276, 24255, 31146,
17569, 23243, 24301, 24301, 23243, 31199,
17577, 24312, 24313, 24313, 24312, 31147,
17593, 24324, 24312, 24312, 24324, 31147,
17601, 24235, 24333, 24333, 24235, 31201,
17609, 24344, 24324, 24324, 24344, 31147,
17617, 24354, 24355, 24355, 24354, 31191,
17625, 24366, 24344, 24344, 24366, 31147,
17633, 24376, 23702, 23702, 24376, 31196,
17641, 24386, 24366, 24366, 24386, 31147,
17649, 23741, 23586, 23586, 23741, 31186,
17657, 24404, 24386, 24386, 24404, 31147,
17665, 23575, 24413, 24413, 23575, 31240,
17673, 24313, 24404, 24404, 24313, 31147,
17681, 24432, 24433, 24433, 24432, 31244,
17689, 24444, 24445, 24445, 24444, 31148,
17705, 24456, 24444, 24444, 24456, 31148,
17713, 23487, 24465, 24465, 23487, 31200,
17721, 24476, 24456, 24456, 24476, 31148,
17729, 24486, 24487, 24487, 24486, 31189,
17737, 24498, 24476, 24476, 24498, 31148,
17745, 24508, 24509, 24509, 24508, 31198,
17753, 24445, 24498, 24498, 24445, 31148,
17777, 24528, 24529, 24529, 24528, 31192,
17793, 24540, 23284, 23284, 24540, 31202,
17809, 24550, 24551, 24551, 24550, 31188,
17825, 24562, 24528, 24528, 24562, 31192,
17841, 23297, 23486, 23486, 23297, 31200,
17857, 23465, 24550, 24550, 23465, 31188,
17873, 24588, 24589, 24589, 24588, 31193,
17889, 24600, 24601, 24601, 24600, 31189,
17897, 24612, 24613, 24613, 24612, 31149,
17905, 24601, 24486, 24486, 24601, 31189,
17913, 24632, 24612, 24612, 24632, 31149,
17921, 24465, 23530, 23530, 24465, 31200,
17929, 24650, 24632, 24632, 24650, 31149,
17945, 24660, 24650, 24650, 24660, 31149,
17953, 24670, 24671, 24671, 24670, 31256,
17961, 24682, 24660, 24660, 24682, 31149,
17969, 24692, 24693, 24693, 24692, 31249,
17977, 24613, 24682, 24682, 24613, 31149,
18001, 24712, 24713, 24713, 24712, 31203,
18017, 24724, 23506, 23506, 24724, 31195,
18033, 24734, 23356, 23356, 24734, 31201,
18049, 23345, 24712, 24712, 23345, 31203,
18065, 23519, 24354, 24354, 23519, 31191,
18081, 24333, 24734, 24734, 24333, 31201,
18097, 24768, 23332, 23332, 24768, 31190,
18113, 23321, 24777, 24777, 23321, 31194,
18129, 24777, 24787, 24787, 24777, 31194,
18145, 24798, 23344, 23344, 24798, 31203,
18153, 24808, 24809, 24809, 24808, 31150,
18169, 24820, 24808, 24808, 24820, 31150,
18185, 24809, 24820, 24820, 24809, 31150,
18201, 24838, 24839, 24839, 24838, 31151,
18209, 24850, 24851, 24851, 24850, 31213,
18217, 24862, 24838, 24838, 24862, 31151,
18233, 24872, 24862, 24862, 24872, 31151,
18249, 24882, 24872, 24872, 24882, 31151,
18257, 24892, 23622, 23622, 24892, 31245,
18265, 24839, 24882, 24882, 24839, 31151,
18289, 24910, 24911, 24911, 24910, 31242,
18305, 24922, 23390, 23390, 24922, 31207,
18321, 24932, 24432, 24432, 24932, 31244,
18337, 24413, 23574, 23574, 24413, 31240,
18353, 23611, 24949, 24949, 23611, 31241,
18369, 24960, 24961, 24961, 24960, 31243,
18385, 24433, 24932, 24932, 24433, 31244,
18401, 24961, 23898, 23898, 24961, 31243,
18417, 23623, 24987, 24987, 23623, 31245,
18433, 24998, 24910, 24910, 24998, 31242,
18449, 23635, 25007, 25007, 23635, 31248,
18465, 25018, 25019, 25019, 25018, 31254,
18481, 25030, 24190, 24190, 25030, 31187,
18497, 24169, 25039, 25039, 24169, 31246,
18513, 25050, 25051, 25051, 25050, 31247,
18521, 25062, 25063, 25063, 25062, 31152,
18529, 25074, 24588, 24588, 25074, 31193,
18537, 25084, 25062, 25062, 25084, 31152,
18553, 25094, 25084, 25084, 25094, 31152,
18561, 25104, 25105, 25105, 25104, 31250,
18569, 25116, 25094, 25094, 25116, 31152,
18577, 25126, 25127, 25127, 25126, 31257,
18585, 25138, 25116, 25116, 25138, 31152,
18601, 25063, 25138, 25138, 25063, 31152,
18609, 23539, 25155, 25155, 23539, 31202,
18625, 25019, 25165, 25165, 25019, 31254,
18641, 23357, 24234, 24234, 23357, 31201,
18657, 24213, 24768, 24768, 24213, 31190,
18673, 25039, 24168, 24168, 25039, 31246,
18689, 24147, 23550, 23550, 24147, 31253,
18705, 23563, 25207, 25207, 23563, 31255,
18721, 25218, 25050, 25050, 25218, 31247,
18737, 23333, 25227, 25227, 23333, 31190,
18753, 23309, 24600, 24600, 23309, 31189,
18769, 24589, 25245, 25245, 24589, 31193,
18777, 25256, 25257, 25257, 25256, 31153,
18793, 25268, 25256, 25256, 25268, 31153,
18809, 25278, 25268, 25268, 25278, 31153,
18817, 24509, 25287, 25287, 24509, 31198,
18825, 25298, 25278, 25278, 25298, 31153,
18833, 25308, 25309, 25309, 25308, 31205,
18841, 25257, 25298, 25298, 25257, 31153,
18857, 25328, 25329, 25329, 25328, 31154,
18873, 25340, 25328, 25328, 25340, 31154,
18889, 25350, 25340, 25340, 25350, 31154,
18905, 25360, 25350, 25350, 25360, 31154,
18921, 25329, 25360, 25360, 25329, 31154,
18937, 25378, 25379, 25379, 25378, 31155,
18945, 23265, 25030, 25030, 23265, 31187,
18953, 25398, 25378, 25378, 25398, 31155,
18969, 25408, 25398, 25398, 25408, 31155,
18985, 25418, 25408, 25408, 25418, 31155,
19001, 25379, 25418, 25418, 25379, 31155,
19017, 25436, 25437, 25437, 25436, 31156,
19025, 25165, 25447, 25447, 25165, 31254,
19033, 25458, 25436, 25436, 25458, 31156,
19049, 25468, 25458, 25458, 25468, 31156,
19065, 25478, 25468, 25468, 25478, 31156,
19073, 24851, 24850, 24850, 24851, 31213,
19081, 25437, 25478, 25478, 25437, 31156,
19097, 25504, 25505, 25505, 25504, 31157,
19105, 25051, 25515, 25515, 25051, 31247,
19113, 25526, 25504, 25504, 25526, 31157,
19129, 25536, 25526, 25526, 25536, 31157,
19145, 25546, 25536, 25536, 25546, 31157,
19161, 25505, 25546, 25546, 25505, 31157,
19177, 25564, 25565, 25565, 25564, 31158,
19185, 25576, 23634, 23634, 25576, 31248,
19193, 25586, 25564, 25564, 25586, 31158,
19209, 25596, 25586, 25586, 25596, 31158,
19225, 25606, 25596, 25596, 25606, 31158,
19241, 25565, 25606, 25606, 25565, 31158,
19265, 23979, 24376, 24376, 23979, 31196,
19281, 24355, 25631, 25631, 24355, 31191,
19297, 25642, 25643, 25643, 25642, 31192,
19313, 25654, 23220, 23220, 25654, 31204,
19329, 25309, 25663, 25663, 25309, 31205,
19345, 25674, 24540, 24540, 25674, 31202,
19361, 24529, 25642, 25642, 24529, 31192,
19377, 25692, 24724, 24724, 25692, 31195,
19393, 24713, 25701, 25701, 24713, 31203,
19409, 25227, 24266, 24266, 25227, 31190,
19425, 24301, 23242, 23242, 24301, 31199,
19441, 23221, 25654, 25654, 23221, 31204,
19457, 25736, 23464, 23464, 25736, 31188,
19473, 23443, 24050, 24050, 23443, 31197,
19489, 25287, 24508, 24508, 25287, 31198,
19505, 24487, 23308, 23308, 24487, 31189,
19521, 25663, 25308, 25308, 25663, 31205,
19537, 25778, 23518, 23518, 25778, 31191,
19553, 23507, 25787, 25787, 23507, 31195,
19569, 25643, 24562, 24562, 25643, 31192,
19585, 24551, 25805, 25805, 24551, 31188,
19601, 25631, 25778, 25778, 25631, 31191,
19617, 25805, 25736, 25736, 25805, 31188,
19633, 25787, 25692, 25692, 25787, 31195,
19649, 25840, 25074, 25074, 25840, 31193,
19665, 25155, 25674, 25674, 25155, 31202,
19681, 25701, 24798, 24798, 25701, 31203,
19697, 24787, 25865, 25865, 24787, 31194,
19713, 25865, 23320, 23320, 25865, 31194,
19729, 25245, 25840, 25840, 25245, 31193,
19745, 25892, 24670, 24670, 25892, 31256,
19761, 25902, 25903, 25903, 25902, 31258,
19777, 25914, 25915, 25915, 25914, 31228,
19793, 25926, 25927, 25927, 25926, 31230,
19809, 25938, 25939, 25939, 25938, 31236,
19825, 25950, 25951, 25951, 25950, 31237,
19841, 24693, 25961, 25961, 24693, 31249,
19857, 25972, 25973, 25973, 25972, 31251,
19865, 25984, 25985, 25985, 25984, 31159,
19881, 25996, 25984, 25984, 25996, 31159,
19889, 25973, 26005, 26005, 25973, 31251,
19897, 26016, 25996, 25996, 26016, 31159,
19905, 26026, 25902, 25902, 26026, 31258,
19913, 26036, 26016, 26016, 26036, 31159,
19929, 26046, 26036, 26036, 26046, 31159,
19937, 26056, 26057, 26057, 26056, 31224,
19945, 25985, 26046, 26046, 25985, 31159,
19953, 26076, 26077, 26077, 26076, 31225,
19969, 25961, 24692, 24692, 25961, 31249,
19985, 24671, 25892, 25892, 24671, 31256,
20001, 25903, 26026, 26026, 25903, 31258,
20017, 26005, 25972, 25972, 26005, 31251,
20033, 26120, 26121, 26121, 26120, 31233,
20049, 26132, 26133, 26133, 26132, 31234,
20065, 26144, 26145, 26145, 26144, 31262,
20081, 26156, 26157, 26157, 26156, 31263,
20097, 26168, 26169, 26169, 26168, 31260,
20113, 26180, 26181, 26181, 26180, 31261,
20129, 26157, 26191, 26191, 26157, 31263,
20145, 26202, 26168, 26168, 26202, 31260,
20161, 26212, 26213, 26213, 26212, 31266,
20177, 26224, 26225, 26225, 26224, 31264,
20193, 26181, 26235, 26235, 26181, 31261,
20209, 26246, 26144, 26144, 26246, 31262,
20225, 26256, 26257, 26257, 26256, 31265,
20241, 26268, 26269, 26269, 26268, 31267,
20257, 26225, 26279, 26279, 26225, 31264,
20273, 26290, 26256, 26256, 26290, 31265,
20289, 26269, 26299, 26299, 26269, 31267,
20305, 26310, 26212, 26212, 26310, 31266,
20321, 25927, 26319, 26319, 25927, 31230,
20337, 26330, 26331, 26331, 26330, 31231,
20353, 26342, 25104, 25104, 26342, 31250,
20369, 26352, 26353, 26353, 26352, 31252,
20385, 26364, 26365, 26365, 26364, 31226,
20401, 26376, 26056, 26056, 26376, 31224,
20417, 26077, 26385, 26385, 26077, 31225,
20433, 26396, 26397, 26397, 26396, 31227,
20449, 26331, 26407, 26407, 26331, 31231,
20465, 26418, 26419, 26419, 26418, 31229,
20481, 26419, 26429, 26429, 26419, 31229,
20497, 26440, 25914, 25914, 26440, 31228,
20513, 26450, 26451, 26451, 26450, 31238,
20529, 26462, 25938, 25938, 26462, 31236,
20545, 26472, 26473, 26473, 26472, 31232,
20561, 26484, 26120, 26120, 26484, 31233,
20577, 26133, 26493, 26493, 26133, 31234,
20593, 26504, 26505, 26505, 26504, 31235,
20609, 26516, 26517, 26517, 26516, 31239,
20625, 26528, 26450, 26450, 26528, 31238,
20641, 25951, 26537, 26537, 25951, 31237,
20657, 26548, 26516, 26516, 26548, 31239,
20673, 26558, 25126, 25126, 26558, 31257,
20689, 25105, 26342, 26342, 25105, 31250,
20705, 26353, 26575, 26575, 26353, 31252,
20721, 26505, 26585, 26585, 26505, 31235,
20737, 26596, 26472, 26472, 26596, 31232,
20753, 25127, 26558, 26558, 25127, 31257,
20769, 26614, 26615, 26615, 26614, 31259,
20785, 26626, 26364, 26364, 26626, 31226,
20793, 26636, 26637, 26637, 26636, 31160,
20809, 26648, 26636, 26636, 26648, 31160,
20817, 26575, 26352, 26352, 26575, 31252,
20825, 26666, 26648, 26648, 26666, 31160,
20841, 26676, 26666, 26666, 26676, 31160,
20849, 26397, 26685, 26685, 26397, 31227,
20857, 26637, 26676, 26676, 26637, 31160,
20865, 26704, 26614, 26614, 26704, 31259,
20881, 26319, 25926, 25926, 26319, 31230,
20897, 25915, 26440, 26440, 25915, 31228,
20913, 26429, 26418, 26418, 26429, 31229,
20929, 26407, 26330, 26330, 26407, 31231,
20945, 26537, 25950, 25950, 26537, 31237,
20961, 25939, 26462, 26462, 25939, 31236,
20977, 26451, 26528, 26528, 26451, 31238,
20993, 26517, 26548, 26548, 26517, 31239,
21001, 26778, 26779, 26779, 26778, 31161,
21009, 26385, 26076, 26076, 26385, 31225,
21017, 26798, 26778, 26778, 26798, 31161,
21025, 26057, 26376, 26376, 26057, 31224,
21033, 26816, 26798, 26798, 26816, 31161,
21041, 26365, 26626, 26626, 26365, 31226,
21049, 26834, 26816, 26816, 26834, 31161,
21057, 26615, 26704, 26704, 26615, 31259,
21065, 26779, 26834, 26834, 26779, 31161,
21073, 26685, 26396, 26396, 26685, 31227,
21089, 26493, 26132, 26132, 26493, 31234,
21105, 26121, 26484, 26484, 26121, 31233,
21121, 26473, 26596, 26596, 26473, 31232,
21137, 26585, 26504, 26504, 26585, 31235,
21153, 26191, 26156, 26156, 26191, 31263,
21169, 26145, 26246, 26246, 26145, 31262,
21185, 26169, 26202, 26202, 26169, 31260,
21201, 26235, 26180, 26180, 26235, 31261,
21217, 26213, 26310, 26310, 26213, 31266,
21233, 26299, 26268, 26268, 26299, 31267,
21249, 26279, 26224, 26224, 26279, 31264,
21265, 26257, 26290, 26290, 26257, 31265,
21281, 26964, 24892, 24892, 26964, 31245,
21297, 26974, 24998, 24998, 26974, 31242,
21313, 24987, 26964, 26964, 24987, 31245,
21329, 26992, 23868, 23868, 26992, 31255,
21345, 25515, 27001, 27001, 25515, 31247,
21361, 27001, 25218, 25218, 27001, 31247,
21377, 25207, 26992, 26992, 25207, 31255,
21393, 23899, 27027, 27027, 23899, 31243,
21409, 27027, 24960, 24960, 27027, 31243,
21425, 24949, 27045, 27045, 24949, 31241,
21433, 27056, 27057, 27057, 27056, 31162,
21449, 27068, 27056, 27056, 27068, 31162,
21465, 27057, 27068, 27068, 27057, 31162,
21481, 27086, 27087, 27087, 27086, 31163,
21497, 27098, 27086, 27086, 27098, 31163,
21513, 27087, 27098, 27098, 27087, 31163,
21529, 27116, 27117, 27117, 27116, 31164,
21545, 27128, 27116, 27116, 27128, 31164,
21561, 27117, 27128, 27128, 27117, 31164,
21577, 27146, 27147, 27147, 27146, 31165,
21593, 27158, 27146, 27146, 27158, 31165,
21609, 27147, 27158, 27158, 27147, 31165,
21625, 27176, 27177, 27177, 27176, 31166,
21641, 27188, 27176, 27176, 27188, 31166,
21657, 27177, 27188, 27188, 27177, 31166,
21673, 27206, 27207, 27207, 27206, 31167,
21681, 27218, 27219, 27219, 27218, 31214,
21689, 27230, 27206, 27206, 27230, 31167,
21705, 27207, 27230, 27230, 27207, 31167,
21729, 27248, 27249, 27249, 27248, 31215,
21745, 27260, 24014, 24014, 27260, 31206,
21761, 27270, 27271, 27271, 27270, 31208,
21777, 27282, 27283, 27283, 27282, 31214,
21793, 27294, 27295, 27295, 27294, 31210,
21801, 27306, 27307, 27307, 27306, 31168,
21817, 27318, 27306, 27306, 27318, 31168,
21825, 27328, 27248, 27248, 27328, 31215,
21833, 27307, 27318, 27318, 27307, 31168,
21857, 27346, 27347, 27347, 27346, 31209,
21873, 27358, 27294, 27294, 27358, 31210,
21889, 27368, 27346, 27346, 27368, 31209,
21905, 27378, 27260, 27260, 27378, 31206,
21921, 27271, 27387, 27387, 27271, 31208,
21937, 23751, 27397, 27397, 23751, 31207,
21953, 27408, 27409, 27409, 27408, 31211,
21969, 27295, 27358, 27358, 27295, 31210,
21985, 27397, 27427, 27427, 27397, 31207,
22001, 27438, 27408, 27408, 27438, 31211,
22017, 27347, 27368, 27368, 27347, 31209,
22033, 27409, 27438, 27438, 27409, 31211,
22049, 27387, 27270, 27270, 27387, 31208,
22065, 27472, 27473, 27473, 27472, 31215,
22081, 27484, 27282, 27282, 27484, 31214,
22097, 27249, 27472, 27472, 27249, 31215,
22105, 27502, 27503, 27503, 27502, 31169,
22121, 27514, 27502, 27502, 27514, 31169,
22137, 27503, 27514, 27514, 27503, 31169,
22161, 27219, 27484, 27484, 27219, 31214,
22169, 27540, 27541, 27541, 27540, 31170,
22185, 27552, 27540, 27540, 27552, 31170,
22201, 27541, 27552, 27552, 27541, 31170,
22217, 27570, 27571, 27571, 27570, 31171,
22233, 27582, 27570, 27570, 27582, 31171,
22249, 27571, 27582, 27582, 27571, 31171,
22257, 27283, 27218, 27218, 27283, 31214,
22265, 27608, 27609, 27609, 27608, 31172,
22273, 27427, 24922, 24922, 27427, 31207,
22281, 27628, 27608, 27608, 27628, 31172,
22289, 24911, 27637, 27637, 24911, 31242,
22297, 27609, 27628, 27628, 27609, 31172,
22313, 27656, 27657, 27657, 27656, 31173,
22321, 27473, 27328, 27328, 27473, 31215,
22329, 27676, 27656, 27656, 27676, 31173,
22345, 27657, 27676, 27676, 27657, 31173,
22369, 27694, 27695, 27695, 27694, 31241,
22385, 25447, 27705, 27705, 25447, 31254,
22401, 27705, 25018, 25018, 27705, 31254,
22417, 25007, 27723, 27723, 25007, 31248,
22433, 27045, 27694, 27694, 27045, 31241,
22449, 27742, 26974, 26974, 27742, 31242,
22465, 27723, 25576, 25576, 27723, 31248,
22473, 27760, 27761, 27761, 27760, 31174,
22489, 27772, 27760, 27760, 27772, 31174,
22505, 27761, 27772, 27772, 27761, 31174,
22521, 27790, 27791, 27791, 27790, 31175,
22537, 27802, 27790, 27790, 27802, 31175,
22553, 27791, 27802, 27802, 27791, 31175,
22569, 27820, 27821, 27821, 27820, 31176,
22585, 27832, 27820, 27820, 27832, 31176,
22601, 27821, 27832, 27832, 27821, 31176,
22617, 27850, 27851, 27851, 27850, 31177,
22633, 27862, 27850, 27850, 27862, 31177,
22649, 27851, 27862, 27862, 27851, 31177,
22665, 27880, 27881, 27881, 27880, 31178,
22681, 27892, 27880, 27880, 27892, 31178,
22697, 27881, 27892, 27892, 27881, 31178,
22713, 27910, 27911, 27911, 27910, 31179,
22721, 27695, 23610, 23610, 27695, 31241,
22729, 27930, 27910, 27910, 27930, 31179,
22737, 23599, 27378, 27378, 23599, 31206,
22745, 27911, 27930, 27930, 27911, 31179,
22769, 27637, 27742, 27742, 27637, 31242,
22777, 27964, 27965, 27965, 27964, 31180,
22793, 27976, 27964, 27964, 27976, 31180,
22809, 27965, 27976, 27976, 27965, 31180,
22825, 27994, 27995, 27995, 27994, 31181,
22841, 28006, 27994, 27994, 28006, 31181,
22857, 27995, 28006, 28006, 27995, 31181,
22873, 28024, 28025, 28025, 28024, 31182,
22889, 28036, 28024, 28024, 28036, 31182,
22905, 28025, 28036, 28036, 28025, 31182,
22921, 28054, 28055, 28055, 28054, 31183,
22937, 28066, 28054, 28054, 28066, 31183,
22953, 28055, 28066, 28066, 28055, 31183,
22969, 28084, 28085, 28085, 28084, 31184,
22985, 28096, 28084, 28084, 28096, 31184,
23001, 28085, 28096, 28096, 28085, 31184,
23017, 28114, 28115, 28115, 28114, 31185,
23033, 28126, 28114, 28114, 28126, 31185,
23049, 28115, 28126, 28126, 28115, 31185,
23073, 23991, 24126, 24126, 23991, 31219,
23089, 24115, 24038, 24038, 24115, 31223,
23105, 24027, 24106, 24106, 24027, 31222,
23121, 24095, 24002, 24002, 24095, 31218,
23137, 24059, 23678, 23678, 24059, 31217,
23153, 23667, 23774, 23774, 23667, 31221,
23169, 23763, 23968, 23968, 23763, 31220,
23185, 23957, 24070, 24070, 23957, 31216,
