7179, 10320, 10321, 10321, 10320, 15650,
7183, 10332, 10320, 10320, 10332, 15650,
7185, 10336, 10337, 10337, 10336, 16154,
7187, 10342, 10332, 10332, 10342, 15650,
7189, 10346, 10347, 10347, 10346, 16148,
7191, 10352, 10342, 10342, 10352, 15650,
7193, 10356, 10357, 10357, 10356, 16135,
7195, 10321, 10352, 10352, 10321, 15650,
7201, 10376, 10377, 10377, 10376, 16152,
7205, 10386, 10387, 10387, 10386, 16150,
7221, 10398, 10399, 10399, 10398, 16137,
7233, 10410, 10411, 10411, 10410, 16142,
7237, 10420, 10421, 10421, 10420, 16138,
7249, 10432, 10433, 10433, 10432, 16153,
7253, 10442, 10443, 10443, 10442, 16151,
7263, 10448, 10449, 10449, 10448, 15655,
7265, 10456, 10453, 10453, 10456, 14173,
7265, 10453, 10454, 10454, 10453, 14634,
7265, 10454, 10455, 10455, 10454, 16130,
7265, 10455, 10456, 10456, 10455, 14635,
7266, 10447, 10456, 10456, 10447, 14173,
7266, 10456, 10457, 10457, 10456, 14635,
7266, 10457, 10458, 10458, 10457, 15844,
7266, 10458, 10447, 10447, 10458, 14636,
7267, 10460, 10448, 10448, 10460, 15655,
7269, 10464, 10465, 10465, 10464, 16159,
7271, 10449, 10460, 10460, 10449, 15655,
7273, 10473, 10474, 10474, 10473, 16146,
7275, 10478, 10479, 10479, 10478, 15656,
7276, 10483, 10480, 10480, 10483, 14176,
7276, 10480, 10481, 10481, 10480, 14642,
7276, 10481, 10482, 10482, 10481, 15850,
7276, 10482, 10483, 10483, 10482, 14643,
7277, 10485, 10483, 10483, 10485, 14176,
7277, 10483, 10484, 10484, 10483, 14643,
7277, 10484, 10454, 10454, 10484, 16130,
7277, 10454, 10485, 10485, 10454, 14634,
7279, 10488, 10478, 10478, 10488, 15656,
7281, 10474, 10491, 10491, 10474, 16146,
7283, 10496, 10488, 10488, 10496, 15656,
7285, 10500, 10501, 10501, 10500, 16136,
7287, 10506, 10496, 10496, 10506, 15656,
7289, 10510, 10511, 10511, 10510, 16150,
7291, 10479, 10506, 10506, 10479, 15656,
7293, 10521, 10518, 10518, 10521, 14180,
7293, 10518, 10519, 10519, 10518, 14653,
7293, 10519, 10520, 10520, 10519, 16193,
7293, 10520, 10521, 10521, 10520, 14654,
7294, 10515, 10521, 10521, 10515, 14180,
7294, 10521, 10522, 10522, 10521, 14654,
7294, 10522, 10481, 10481, 10522, 15850,
7294, 10481, 10515, 10515, 10481, 14642,
7297, 10530, 10531, 10531, 10530, 16143,
7301, 10540, 10541, 10541, 10540, 16139,
7313, 10552, 10386, 10386, 10552, 16150,
7317, 10377, 10559, 10559, 10377, 16152,
7329, 10574, 10575, 10575, 10574, 16243,
7341, 10589, 10590, 10590, 10589, 16247,
7345, 10600, 10601, 10601, 10600, 16218,
7349, 10610, 10611, 10611, 10610, 16133,
7353, 10620, 10621, 10621, 10620, 16157,
7357, 10629, 10630, 10630, 10629, 16220,
7373, 10643, 10644, 10644, 10643, 16229,
7389, 10661, 10662, 10662, 10661, 16235,
7393, 10672, 10473, 10473, 10672, 16146,
7397, 10465, 10679, 10679, 10465, 16159,
7401, 10688, 10689, 10689, 10688, 16190,
7405, 10697, 10698, 10698, 10697, 16186,
7407, 10702, 10703, 10703, 10702, 15664,
7409, 10708, 10709, 10709, 10708, 16145,
7411, 10714, 10702, 10702, 10714, 15664,
7413, 10718, 10620, 10620, 10718, 16157,
7415, 10703, 10714, 10714, 10703, 15664,
7417, 10611, 10724, 10724, 10611, 16133,
7421, 10679, 10733, 10733, 10679, 16159,
7429, 10744, 10745, 10745, 10744, 16189,
7433, 10753, 10688, 10688, 10753, 16190,
7435, 10756, 10757, 10757, 10756, 15666,
7439, 10768, 10756, 10756, 10768, 15666,
7443, 10757, 10768, 10768, 10757, 15666,
7447, 10786, 10787, 10787, 10786, 15667,
7449, 10792, 10793, 10793, 10792, 16176,
7451, 10798, 10786, 10786, 10798, 15667,
7455, 10808, 10798, 10798, 10808, 15667,
7459, 10818, 10808, 10808, 10818, 15667,
7461, 10822, 10589, 10589, 10822, 16247,
7463, 10787, 10818, 10818, 10787, 15667,
7467, 10832, 10833, 10833, 10832, 15668,
7469, 10838, 10839, 10839, 10838, 16225,
7471, 10844, 10832, 10832, 10844, 15668,
7475, 10854, 10844, 10844, 10854, 15668,
7479, 10862, 10854, 10854, 10862, 15668,
7481, 10793, 10792, 10792, 10793, 16176,
7483, 10833, 10862, 10862, 10833, 15668,
7497, 10882, 10883, 10883, 10882, 16185,
7501, 10891, 10744, 10744, 10891, 16189,
7505, 10900, 10901, 10901, 10900, 16145,
7513, 10912, 10913, 10913, 10912, 16188,
7517, 10921, 10922, 10922, 10921, 16187,
7525, 10934, 10935, 10935, 10934, 16157,
7529, 10944, 10945, 10945, 10944, 16191,
7533, 10953, 10954, 10954, 10953, 16192,
7541, 10966, 10672, 10672, 10966, 16146,
7545, 10698, 10973, 10973, 10698, 16186,
7549, 10981, 10882, 10882, 10981, 16185,
7553, 10935, 10718, 10718, 10935, 16157,
7557, 10709, 10900, 10900, 10709, 16145,
7561, 10922, 11001, 11001, 10922, 16187,
7565, 11009, 10944, 10944, 11009, 16191,
7577, 10954, 11019, 11019, 10954, 16192,
7581, 11027, 10912, 10912, 11027, 16188,
7583, 11030, 11031, 11031, 11030, 15675,
7585, 10575, 11035, 11035, 10575, 16243,
7587, 11040, 11030, 11030, 11040, 15675,
7589, 11044, 11045, 11045, 11044, 16233,
7591, 11050, 11040, 11040, 11050, 15675,
7593, 11054, 11055, 11055, 11054, 16135,
7595, 11060, 11050, 11050, 11060, 15675,
7597, 11064, 11065, 11065, 11064, 16138,
7599, 11070, 11060, 11060, 11070, 15675,
7601, 11074, 11075, 11075, 11074, 16151,
7603, 11031, 11070, 11070, 11031, 15675,
7607, 11086, 11087, 11087, 11086, 15676,
7609, 11092, 11064, 11064, 11092, 16138,
7611, 11096, 11086, 11086, 11096, 15676,
7613, 11055, 10356, 10356, 11055, 16135,
7615, 11087, 11096, 11096, 11087, 15676,
7617, 10347, 11104, 11104, 10347, 16148,
7619, 11108, 11109, 11109, 11108, 15677,
7623, 11118, 11108, 11108, 11118, 15677,
7625, 11075, 11121, 11121, 11075, 16151,
7627, 11126, 11118, 11118, 11126, 15677,
7629, 11130, 11131, 11131, 11130, 16139,
7631, 11136, 11126, 11126, 11136, 15677,
7633, 11140, 10708, 10708, 11140, 16145,
7635, 11144, 11136, 11136, 11144, 15677,
7637, 10724, 10610, 10610, 10724, 16133,
7639, 11150, 11144, 11144, 11150, 15677,
7641, 10601, 11153, 11153, 10601, 16218,
7643, 11109, 11150, 11150, 11109, 15677,
7645, 11161, 11162, 11162, 11161, 16228,
7647, 11166, 11167, 11167, 11166, 15678,
7648, 11171, 11168, 11168, 11171, 14249,
7648, 11168, 11169, 11169, 11168, 14840,
7648, 11169, 11170, 11170, 11169, 15913,
7648, 11170, 11171, 11171, 11170, 14841,
7649, 11173, 11171, 11171, 11173, 14249,
7649, 11171, 11172, 11172, 11171, 14841,
7649, 11172, 10519, 10519, 11172, 16193,
7649, 10519, 11173, 11173, 10519, 14653,
7651, 11176, 11166, 11166, 11176, 15678,
7653, 10511, 11179, 11179, 10511, 16150,
7655, 11184, 11176, 11176, 11184, 15678,
7657, 11188, 11189, 11189, 11188, 16137,
7659, 11194, 11184, 11184, 11194, 15678,
7661, 11198, 11199, 11199, 11198, 16147,
7663, 11167, 11194, 11194, 11167, 15678,
7665, 11209, 11206, 11206, 11209, 14253,
7665, 11206, 11207, 11207, 11206, 14851,
7665, 11207, 11208, 11208, 11207, 16132,
7665, 11208, 11209, 11209, 11208, 14852,
7666, 11203, 11209, 11209, 11203, 14253,
7666, 11209, 11210, 11210, 11209, 14852,
7666, 11210, 11169, 11169, 11210, 15913,
7666, 11169, 11203, 11203, 11169, 14840,
7669, 11218, 11219, 11219, 11218, 16140,
7673, 11228, 10376, 10376, 11228, 16152,
7685, 11238, 11239, 11239, 11238, 16136,
7689, 11248, 11218, 11218, 11248, 16140,
7701, 10387, 10510, 10510, 10387, 16150,
7705, 10501, 11238, 11238, 10501, 16136,
7717, 11272, 11273, 11273, 11272, 16141,
7721, 11282, 11283, 11283, 11282, 16137,
7731, 11292, 11293, 11293, 11292, 15683,
7733, 11283, 11188, 11188, 11283, 16137,
7735, 11300, 11292, 11292, 11300, 15683,
7737, 11179, 10552, 10552, 11179, 16150,
7739, 11306, 11300, 11300, 11306, 15683,
7743, 11314, 11306, 11306, 11314, 15683,
7745, 11318, 11319, 11319, 11318, 16249,
7747, 11324, 11314, 11314, 11324, 15683,
7749, 11328, 11329, 11329, 11328, 16238,
7751, 11293, 11324, 11324, 11293, 15683,
7757, 11346, 11347, 11347, 11346, 16153,
7761, 11356, 10530, 10530, 11356, 16143,
7773, 11366, 10442, 10442, 11366, 16151,
7777, 10433, 11346, 11346, 10433, 16153,
7789, 10541, 11130, 11130, 10541, 16139,
7793, 11121, 11366, 11366, 11121, 16151,
7805, 11396, 10420, 10420, 11396, 16138,
7809, 10411, 11403, 11403, 10411, 16142,
7821, 11403, 11413, 11413, 11403, 16142,
7825, 11422, 10432, 10432, 11422, 16153,
7835, 11426, 11427, 11427, 11426, 15689,
7839, 11438, 11426, 11426, 11438, 15689,
7843, 11427, 11438, 11438, 11427, 15689,
7847, 11456, 11457, 11457, 11456, 15690,
7849, 11462, 11463, 11463, 11462, 16178,
7851, 11468, 11456, 11456, 11468, 15690,
7855, 11478, 11468, 11468, 11478, 15690,
7859, 11488, 11478, 11478, 11488, 15690,
7861, 11492, 10643, 10643, 11492, 16229,
7863, 11457, 11488, 11488, 11457, 15690,
7877, 11510, 11511, 11511, 11510, 16221,
7881, 11519, 10464, 10464, 11519, 16159,
7885, 11528, 11161, 11161, 11528, 16228,
7889, 11153, 10600, 10600, 11153, 16218,
7893, 10630, 11541, 11541, 10630, 16220,
7897, 11549, 11550, 11550, 11549, 16225,
7905, 11162, 11528, 11528, 11162, 16228,
7909, 11550, 10838, 10838, 11550, 16225,
7925, 10644, 11575, 11575, 10644, 16229,
7929, 11583, 11510, 11510, 11583, 16221,
7941, 10662, 11593, 11593, 10662, 16235,
7945, 11601, 11602, 11602, 11601, 16244,
7949, 11612, 11054, 11054, 11612, 16135,
7953, 11045, 11619, 11619, 11045, 16233,
7957, 11628, 11629, 11629, 11628, 16234,
7963, 11638, 11639, 11639, 11638, 15697,
7965, 11644, 11272, 11272, 11644, 16141,
7967, 11648, 11638, 11638, 11648, 15697,
7971, 11656, 11648, 11648, 11656, 15697,
7973, 11660, 11661, 11661, 11660, 16239,
7975, 11666, 11656, 11656, 11666, 15697,
7977, 11670, 11671, 11671, 11670, 16250,
7979, 11676, 11666, 11666, 11676, 15697,
7983, 11639, 11676, 11676, 11639, 15697,
7985, 10559, 11686, 11686, 10559, 16152,
7997, 11602, 11695, 11695, 11602, 16244,
8005, 10443, 11074, 11074, 10443, 16151,
8009, 11065, 11396, 11396, 11065, 16138,
8021, 11619, 11044, 11044, 11619, 16233,
8025, 11035, 10574, 10574, 11035, 16243,
8029, 10590, 11733, 11733, 10590, 16247,
8033, 11741, 11628, 11628, 11741, 16234,
8037, 10421, 11749, 11749, 10421, 16138,
8053, 10399, 11282, 11282, 10399, 16137,
8057, 11273, 11765, 11765, 11273, 16141,
8067, 11770, 11771, 11771, 11770, 15703,
8071, 11780, 11770, 11770, 11780, 15703,
8073, 11785, 11783, 11783, 11785, 14318,
8073, 11783, 11784, 11784, 11783, 15009,
8073, 11784, 11207, 11207, 11784, 16132,
8073, 11207, 11785, 11785, 11207, 14851,
8075, 11788, 11780, 11780, 11788, 15703,
8077, 11199, 11791, 11791, 11199, 16147,
8079, 11796, 11788, 11788, 11796, 15703,
8081, 11800, 11801, 11801, 11800, 16155,
8083, 11771, 11796, 11796, 11771, 15703,
8087, 11812, 11813, 11813, 11812, 15704,
8091, 11820, 11812, 11812, 11820, 15704,
8092, 11822, 11821, 11821, 11822, 14323,
8092, 11821, 11818, 11818, 11821, 15018,
8092, 11818, 10650, 10650, 11818, 15865,
8092, 10650, 11822, 11822, 10650, 14696,
8093, 11823, 11822, 11822, 11823, 14323,
8093, 11822, 10649, 10649, 11822, 14696,
8093, 10649, 11784, 11784, 10649, 16132,
8093, 11784, 11823, 11823, 11784, 15009,
8095, 11826, 11820, 11820, 11826, 15704,
8099, 11834, 11826, 11826, 11834, 15704,
8103, 11813, 11834, 11834, 11813, 15704,
8107, 11850, 11851, 11851, 11850, 15705,
8109, 10357, 11612, 11612, 10357, 16135,
8111, 11858, 11850, 11850, 11858, 15705,
8115, 11864, 11858, 11858, 11864, 15705,
8119, 11872, 11864, 11864, 11872, 15705,
8123, 11851, 11872, 11872, 11851, 15705,
8127, 11884, 11885, 11885, 11884, 15706,
8129, 11695, 11889, 11889, 11695, 16244,
8131, 11894, 11884, 11884, 11894, 15706,
8135, 11904, 11894, 11894, 11904, 15706,
8139, 11912, 11904, 11904, 11912, 15706,
8141, 11463, 11462, 11462, 11463, 16178,
8143, 11885, 11912, 11912, 11885, 15706,
8147, 11922, 11923, 11923, 11922, 15707,
8149, 11629, 11927, 11927, 11629, 16234,
8151, 11932, 11922, 11922, 11932, 15707,
8155, 11942, 11932, 11932, 11942, 15707,
8159, 11952, 11942, 11942, 11952, 15707,
8163, 11923, 11952, 11952, 11923, 15707,
8167, 11964, 11965, 11965, 11964, 15708,
8169, 11970, 10661, 10661, 11970, 16235,
8171, 11974, 11964, 11964, 11974, 15708,
8175, 11980, 11974, 11974, 11980, 15708,
8179, 11988, 11980, 11980, 11988, 15708,
8183, 11965, 11988, 11988, 11965, 15708,
8193, 10901, 11140, 11140, 10901, 16145,
8197, 11131, 12017, 12017, 11131, 16139,
8209, 12028, 12029, 12029, 12028, 16140,
8225, 12040, 10336, 10336, 12040, 16154,
8237, 11801, 12049, 12049, 11801, 16155,
8261, 12062, 11228, 11228, 12062, 16152,
8265, 11219, 12028, 12028, 11219, 16140,
8269, 12076, 11356, 11356, 12076, 16143,
8273, 11347, 12083, 12083, 11347, 16153,
8285, 11749, 11092, 11092, 11749, 16138,
8289, 11104, 10346, 10346, 11104, 16148,
8293, 10337, 12040, 12040, 10337, 16154,
8301, 12114, 10500, 10500, 12114, 16136,
8305, 10491, 10966, 10966, 10491, 16146,
8317, 11791, 11198, 11198, 11791, 16147,
8321, 11189, 10398, 10398, 11189, 16137,
8329, 12049, 11800, 11800, 12049, 16155,
8333, 12150, 10540, 10540, 12150, 16139,
8337, 10531, 12157, 12157, 10531, 16143,
8349, 12029, 11248, 11248, 12029, 16140,
8353, 11239, 12173, 12173, 11239, 16136,
8369, 12017, 12150, 12150, 12017, 16139,
8381, 12173, 12114, 12114, 12173, 16136,
8397, 12157, 12076, 12076, 12157, 16143,
8421, 12210, 11644, 11644, 12210, 16141,
8425, 11686, 12062, 12062, 11686, 16152,
8429, 12083, 11422, 11422, 12083, 16153,
8433, 11413, 12229, 12229, 11413, 16142,
8449, 12229, 10410, 10410, 12229, 16142,
8461, 11765, 12210, 12210, 11765, 16141,
8477, 12256, 11318, 11318, 12256, 16249,
8489, 12267, 12268, 12268, 12267, 16251,
8501, 12280, 12281, 12281, 12280, 16205,
8505, 12289, 12290, 12290, 12289, 16207,
8517, 12302, 12303, 12303, 12302, 16213,
8521, 12311, 12312, 12312, 12311, 16214,
8529, 11329, 12321, 12321, 11329, 16238,
8533, 12330, 12331, 12331, 12330, 16240,
8539, 12338, 12339, 12339, 12338, 15731,
8543, 12348, 12338, 12338, 12348, 15731,
8545, 12331, 12351, 12351, 12331, 16240,
8547, 12356, 12348, 12348, 12356, 15731,
8549, 12360, 12267, 12267, 12360, 16251,
8551, 12364, 12356, 12356, 12364, 15731,
8555, 12372, 12364, 12364, 12372, 15731,
8557, 12376, 12377, 12377, 12376, 16201,
8559, 12339, 12372, 12372, 12339, 15731,
8561, 12385, 12386, 12386, 12385, 16202,
8565, 12321, 11328, 11328, 12321, 16238,
8569, 11319, 12256, 12256, 11319, 16249,
8573, 12268, 12360, 12360, 12268, 16251,
8577, 12351, 12330, 12330, 12351, 16240,
8589, 12422, 12423, 12423, 12422, 16210,
8593, 12431, 12432, 12432, 12431, 16211,
8605, 12444, 12445, 12445, 12444, 16256,
8609, 12453, 12454, 12454, 12453, 16257,
8621, 12466, 12467, 12467, 12466, 16254,
8625, 12475, 12476, 12476, 12475, 16255,
8637, 12454, 12485, 12485, 12454, 16257,
8657, 12497, 12466, 12466, 12497, 16254,
8669, 12506, 12507, 12507, 12506, 16277,
8689, 12519, 12520, 12520, 12519, 16275,
8701, 12476, 12529, 12529, 12476, 16255,
8721, 12541, 12444, 12444, 12541, 16256,
8733, 12550, 12551, 12551, 12550, 16276,
8753, 12563, 12564, 12564, 12563, 16278,
8765, 12520, 12575, 12575, 12520, 16275,
8769, 12583, 12550, 12550, 12583, 16276,
8781, 12564, 12593, 12593, 12564, 16278,
8785, 12601, 12506, 12506, 12601, 16277,
8797, 12290, 12611, 12611, 12290, 16207,
8801, 12619, 12620, 12620, 12619, 16208,
8833, 12630, 11660, 11660, 12630, 16239,
8845, 12641, 12642, 12642, 12641, 16241,
8857, 12654, 12655, 12655, 12654, 16203,
8861, 12663, 12376, 12376, 12663, 16201,
8873, 12386, 12675, 12675, 12386, 16202,
8877, 12683, 12684, 12684, 12683, 16204,
8889, 12620, 12695, 12695, 12620, 16208,
8893, 12703, 12704, 12704, 12703, 16206,
8905, 12704, 12715, 12715, 12704, 16206,
8909, 12723, 12280, 12280, 12723, 16205,
8921, 12734, 12735, 12735, 12734, 16215,
8925, 12743, 12302, 12302, 12743, 16213,
8937, 12754, 12755, 12755, 12754, 16209,
8941, 12763, 12422, 12422, 12763, 16210,
8953, 12432, 12773, 12773, 12432, 16211,
8957, 12781, 12782, 12782, 12781, 16212,
8969, 12794, 12795, 12795, 12794, 16216,
8973, 12803, 12734, 12734, 12803, 16215,
8985, 12312, 12813, 12813, 12312, 16214,
8989, 12821, 12794, 12794, 12821, 16216,
8993, 12830, 11670, 11670, 12830, 16250,
8997, 11661, 12630, 12630, 11661, 16239,
9001, 12642, 12843, 12843, 12642, 16241,
9017, 12782, 12857, 12857, 12782, 16212,
9021, 12865, 12754, 12754, 12865, 16209,
9029, 11671, 12830, 12830, 11671, 16250,
9049, 12886, 12887, 12887, 12886, 16253,
9053, 12895, 12654, 12654, 12895, 16203,
9055, 12898, 12899, 12899, 12898, 15761,
9059, 12906, 12898, 12898, 12906, 15761,
9061, 12843, 12641, 12641, 12843, 16241,
9063, 12912, 12906, 12906, 12912, 15761,
9067, 12918, 12912, 12912, 12918, 15761,
9069, 12684, 12921, 12921, 12684, 16204,
9071, 12899, 12918, 12918, 12899, 15761,
9073, 12929, 12886, 12886, 12929, 16253,
9077, 12611, 12289, 12289, 12611, 16207,
9081, 12281, 12723, 12723, 12281, 16205,
9085, 12715, 12703, 12703, 12715, 16206,
9089, 12695, 12619, 12619, 12695, 16208,
9093, 12813, 12311, 12311, 12813, 16214,
9097, 12303, 12743, 12743, 12303, 16213,
9101, 12735, 12803, 12803, 12735, 16215,
9105, 12795, 12821, 12821, 12795, 16216,
9107, 12980, 12981, 12981, 12980, 15764,
9109, 12675, 12385, 12385, 12675, 16202,
9111, 12988, 12980, 12980, 12988, 15764,
9113, 12377, 12663, 12663, 12377, 16201,
9115, 12994, 12988, 12988, 12994, 15764,
9117, 12655, 12895, 12895, 12655, 16203,
9119, 13000, 12994, 12994, 13000, 15764,
9121, 12887, 12929, 12929, 12887, 16253,
9123, 12981, 13000, 13000, 12981, 15764,
9125, 12921, 12683, 12683, 12921, 16204,
9129, 12773, 12431, 12431, 12773, 16211,
9133, 12423, 12763, 12763, 12423, 16210,
9137, 12755, 12865, 12865, 12755, 16209,
9141, 12857, 12781, 12781, 12857, 16212,
9149, 12485, 12453, 12453, 12485, 16257,
9153, 12445, 12541, 12541, 12445, 16256,
9161, 12467, 12497, 12497, 12467, 16254,
9173, 12529, 12475, 12475, 12529, 16255,
9181, 12507, 12601, 12601, 12507, 16277,
9185, 12593, 12563, 12563, 12593, 16278,
9193, 12575, 12519, 12519, 12575, 16275,
9205, 12551, 12583, 12583, 12551, 16276,
9209, 13096, 11492, 11492, 13096, 16229,
9225, 13110, 11583, 11583, 13110, 16221,
9229, 11575, 13096, 13096, 11575, 16229,
9241, 13126, 10822, 10822, 13126, 16247,
9261, 11927, 13141, 13141, 11927, 16234,
9273, 13141, 11741, 11741, 13141, 16234,
9277, 11733, 13126, 13126, 11733, 16247,
9293, 10839, 13169, 13169, 10839, 16225,
9305, 13169, 11549, 11549, 13169, 16225,
9309, 11541, 13187, 13187, 11541, 16220,
9327, 13196, 13197, 13197, 13196, 15777,
9331, 13206, 13196, 13196, 13206, 15777,
9333, 13212, 13209, 13209, 13212, 14484,
9333, 13209, 13210, 13210, 13209, 15390,
9333, 13210, 13211, 13211, 13210, 16227,
9333, 13211, 13212, 13212, 13211, 15391,
9334, 13205, 13212, 13212, 13205, 14484,
9334, 13212, 13213, 13213, 13212, 15391,
9334, 13213, 13214, 13214, 13213, 16058,
9334, 13214, 13205, 13205, 13214, 15392,
9335, 13197, 13206, 13206, 13197, 15777,
9336, 13218, 13216, 13216, 13218, 14485,
9336, 13216, 13214, 13214, 13216, 15392,
9336, 13214, 13217, 13217, 13214, 16058,
9336, 13217, 13218, 13218, 13217, 15393,
9337, 13220, 13218, 13218, 13220, 14485,
9337, 13218, 13219, 13219, 13218, 15393,
9337, 13219, 13194, 13194, 13219, 16268,
9337, 13194, 13220, 13220, 13194, 15386,
9338, 13215, 13220, 13220, 13215, 14485,
9338, 13220, 13193, 13193, 13220, 15386,
9338, 13193, 13199, 13199, 13193, 16056,
9338, 13199, 13215, 13215, 13199, 15387,
9347, 13226, 13227, 13227, 13226, 15778,
9351, 13236, 13226, 13226, 13236, 15778,
9352, 13238, 13237, 13237, 13238, 14487,
9352, 13237, 13234, 13234, 13237, 15398,
9352, 13234, 13224, 13224, 13234, 16059,
9352, 13224, 13238, 13238, 13224, 15395,
9353, 13240, 13238, 13238, 13240, 14487,
9353, 13238, 13223, 13223, 13238, 15395,
9353, 13223, 13239, 13239, 13223, 16270,
9353, 13239, 13240, 13240, 13239, 15399,
9354, 13235, 13240, 13240, 13235, 14487,
9354, 13240, 13241, 13241, 13240, 15399,
9354, 13241, 13242, 13242, 13241, 16060,
9354, 13242, 13235, 13235, 13242, 15400,
9355, 13227, 13236, 13236, 13227, 15778,
9356, 13246, 13244, 13244, 13246, 14488,
9356, 13244, 13242, 13242, 13244, 15400,
9356, 13242, 13245, 13245, 13242, 16060,
9356, 13245, 13246, 13246, 13245, 15401,
9357, 13249, 13246, 13246, 13249, 14488,
9357, 13246, 13247, 13247, 13246, 15401,
9357, 13247, 13248, 13248, 13247, 16224,
9357, 13248, 13249, 13249, 13248, 15402,
9375, 13260, 13261, 13261, 13260, 15779,
9379, 13270, 13260, 13260, 13270, 15779,
9380, 13272, 13271, 13271, 13272, 14490,
9380, 13271, 13268, 13268, 13271, 15409,
9380, 13268, 13254, 13254, 13268, 16062,
9380, 13254, 13272, 13272, 13254, 15404,
9381, 13274, 13272, 13272, 13274, 14490,
9381, 13272, 13253, 13253, 13272, 15404,
9381, 13253, 13273, 13273, 13253, 16271,
9381, 13273, 13274, 13274, 13273, 15410,
9382, 13269, 13274, 13274, 13269, 14490,
9382, 13274, 13275, 13275, 13274, 15410,
9382, 13275, 13276, 13276, 13275, 16064,
9382, 13276, 13269, 13269, 13276, 15411,
9383, 13261, 13270, 13270, 13261, 15779,
9384, 13280, 13278, 13278, 13280, 14491,
9384, 13278, 13276, 13276, 13278, 15411,
9384, 13276, 13279, 13279, 13276, 16064,
9384, 13279, 13280, 13280, 13279, 15412,
9385, 13283, 13280, 13280, 13283, 14491,
9385, 13280, 13281, 13281, 13280, 15412,
9385, 13281, 13282, 13282, 13281, 16231,
9385, 13282, 13283, 13283, 13282, 15413,
9387, 13286, 13287, 13287, 13286, 15780,
9391, 13296, 13286, 13286, 13296, 15780,
9393, 13302, 13299, 13299, 13302, 14493,
9393, 13299, 13300, 13300, 13299, 15417,
9393, 13300, 13301, 13301, 13300, 16246,
9393, 13301, 13302, 13302, 13301, 15418,
9394, 13295, 13302, 13302, 13295, 14493,
9394, 13302, 13303, 13303, 13302, 15418,
9394, 13303, 13304, 13304, 13303, 16067,
9394, 13304, 13295, 13295, 13304, 15419,
9395, 13287, 13296, 13296, 13287, 15780,
9396, 13308, 13306, 13306, 13308, 14494,
9396, 13306, 13304, 13304, 13306, 15419,
9396, 13304, 13307, 13307, 13304, 16067,
9396, 13307, 13308, 13308, 13307, 15420,
9397, 13310, 13308, 13308, 13310, 14494,
9397, 13308, 13309, 13309, 13308, 15420,
9397, 13309, 13258, 13258, 13309, 16272,
9397, 13258, 13310, 13310, 13258, 15406,
9398, 13305, 13310, 13310, 13305, 14494,
9398, 13310, 13257, 13257, 13310, 15406,
9398, 13257, 13289, 13289, 13257, 16063,
9398, 13289, 13305, 13305, 13289, 15414,
9399, 13312, 13313, 13313, 13312, 15781,
9403, 13324, 13312, 13312, 13324, 15781,
9404, 13327, 13325, 13325, 13327, 14496,
9404, 13325, 13322, 13322, 13325, 15424,
9404, 13322, 13326, 13326, 13322, 16068,
9404, 13326, 13327, 13327, 13326, 15425,
9405, 13330, 13327, 13327, 13330, 14496,
9405, 13327, 13328, 13328, 13327, 15425,
9405, 13328, 13329, 13329, 13328, 16274,
9405, 13329, 13330, 13330, 13329, 15426,
9406, 13323, 13330, 13330, 13323, 14496,
9406, 13330, 13331, 13331, 13330, 15426,
9406, 13331, 13332, 13332, 13331, 16069,
9406, 13332, 13323, 13323, 13332, 15427,
9407, 13313, 13324, 13324, 13313, 15781,
9408, 13336, 13334, 13334, 13336, 14497,
9408, 13334, 13332, 13332, 13334, 15427,
9408, 13332, 13335, 13335, 13332, 16069,
9408, 13335, 13336, 13336, 13335, 15428,
9409, 13339, 13336, 13336, 13339, 14497,
9409, 13336, 13337, 13337, 13336, 15428,
9409, 13337, 13338, 13338, 13337, 16242,
9409, 13338, 13339, 13339, 13338, 15429,
9459, 13362, 13363, 13363, 13362, 15782,
9461, 13368, 13369, 13369, 13368, 16182,
9463, 13374, 13362, 13362, 13374, 15782,
9467, 13363, 13374, 13374, 13363, 15782,
9473, 13398, 13399, 13399, 13398, 16184,
9489, 13412, 10934, 10934, 13412, 16157,
9501, 13421, 13422, 13422, 13421, 16167,
9509, 13432, 13433, 13433, 13432, 16182,
9533, 13447, 13448, 13448, 13447, 16169,
9535, 13452, 13453, 13453, 13452, 15787,
9539, 13464, 13452, 13452, 13464, 15787,
9541, 13468, 13398, 13398, 13468, 16184,
9543, 13453, 13464, 13464, 13453, 15787,
9561, 13485, 13486, 13486, 13485, 16168,
9573, 13496, 13447, 13447, 13496, 16169,
9589, 13506, 13485, 13485, 13506, 16168,
9601, 13518, 13412, 13412, 13518, 16157,
9605, 13422, 13525, 13525, 13422, 16167,
9617, 10733, 13535, 13535, 10733, 16159,
9621, 13544, 13545, 13545, 13544, 16170,
9637, 13448, 13496, 13496, 13448, 16169,
9645, 13535, 13563, 13563, 13535, 16159,
9657, 13575, 13544, 13544, 13575, 16170,
9677, 13486, 13506, 13506, 13486, 16168,
9689, 13545, 13575, 13575, 13545, 16170,
9701, 13525, 13421, 13421, 13525, 16167,
9725, 13612, 13613, 13613, 13612, 16184,
9753, 13630, 13432, 13432, 13630, 16182,
9785, 13399, 13612, 13612, 13399, 16184,
9787, 13646, 13647, 13647, 13646, 15801,
9791, 13654, 13646, 13646, 13654, 15801,
9795, 13647, 13654, 13654, 13647, 15801,
9813, 13369, 13630, 13630, 13369, 16182,
9815, 13676, 13677, 13677, 13676, 15803,
9819, 13684, 13676, 13676, 13684, 15803,
9823, 13677, 13684, 13684, 13677, 15803,
9827, 13694, 13695, 13695, 13694, 15804,
9831, 13704, 13694, 13694, 13704, 15804,
9835, 13695, 13704, 13704, 13695, 15804,
9837, 13433, 13368, 13368, 13433, 16182,
9859, 13724, 13725, 13725, 13724, 15805,
9861, 13563, 11519, 11519, 13563, 16159,
9863, 13732, 13724, 13724, 13732, 15805,
9865, 11511, 13735, 13735, 11511, 16221,
9867, 13725, 13732, 13732, 13725, 15805,
9899, 13754, 13755, 13755, 13754, 15806,
9901, 13613, 13468, 13468, 13613, 16184,
9903, 13762, 13754, 13754, 13762, 15806,
9907, 13755, 13762, 13762, 13755, 15806,
9925, 13781, 13782, 13782, 13781, 16220,
9933, 11889, 13793, 13793, 11889, 16244,
9945, 13793, 11601, 11601, 13793, 16244,
9949, 11593, 13811, 13811, 11593, 16235,
9961, 13187, 13781, 13781, 13187, 16220,
9981, 13836, 13110, 13110, 13836, 16221,
9993, 13811, 11970, 11970, 13811, 16235,
10015, 13858, 13859, 13859, 13858, 15813,
10017, 13863, 13862, 13862, 13863, 14548,
10017, 13862, 13359, 13359, 13862, 15439,
10017, 13359, 13210, 13210, 13359, 16227,
10017, 13210, 13863, 13863, 13210, 15390,
10019, 13866, 13858, 13858, 13866, 15813,
10023, 13859, 13866, 13866, 13859, 15813,
10027, 13876, 13877, 13877, 13876, 15814,
10031, 13884, 13876, 13876, 13884, 15814,
10035, 13877, 13884, 13884, 13877, 15814,
10037, 13896, 13894, 13894, 13896, 14553,
10037, 13894, 13895, 13895, 13894, 15595,
10037, 13895, 13718, 13718, 13895, 16217,
10037, 13718, 13896, 13896, 13718, 15544,
10039, 13898, 13899, 13899, 13898, 15815,
10043, 13906, 13898, 13898, 13906, 15815,
10044, 13908, 13907, 13907, 13908, 14555,
10044, 13907, 13904, 13904, 13907, 15597,
10044, 13904, 13856, 13856, 13904, 16121,
10044, 13856, 13908, 13908, 13856, 15587,
10045, 13910, 13908, 13908, 13910, 14555,
10045, 13908, 13855, 13855, 13908, 15587,
10045, 13855, 13909, 13909, 13855, 16267,
10045, 13909, 13910, 13910, 13909, 15598,
10046, 13905, 13910, 13910, 13905, 14555,
10046, 13910, 13911, 13911, 13910, 15598,
10046, 13911, 13912, 13912, 13911, 16123,
10046, 13912, 13905, 13905, 13912, 15599,
10047, 13899, 13906, 13906, 13899, 15815,
10048, 13916, 13914, 13914, 13916, 14556,
10048, 13914, 13912, 13912, 13914, 15599,
10048, 13912, 13915, 13915, 13912, 16123,
10048, 13915, 13916, 13916, 13915, 15600,
10049, 13918, 13916, 13916, 13918, 14556,
10049, 13916, 13917, 13917, 13916, 15600,
10049, 13917, 13895, 13895, 13917, 16217,
10049, 13895, 13918, 13918, 13895, 15595,
10059, 13924, 13925, 13925, 13924, 15816,
10061, 13930, 13928, 13928, 13930, 14557,
10061, 13928, 13351, 13351, 13928, 15435,
10061, 13351, 13929, 13929, 13351, 16219,
10061, 13929, 13930, 13930, 13929, 15604,
10063, 13934, 13924, 13924, 13934, 15816,
10067, 13925, 13934, 13934, 13925, 15816,
10071, 13946, 13947, 13947, 13946, 15817,
10075, 13954, 13946, 13946, 13954, 15817,
10077, 13958, 13956, 13956, 13958, 14561,
10077, 13956, 13929, 13929, 13956, 15604,
10077, 13929, 13957, 13957, 13929, 16219,
10077, 13957, 13958, 13958, 13957, 15610,
10078, 13953, 13958, 13958, 13953, 14561,
10078, 13958, 13959, 13959, 13958, 15610,
10078, 13959, 13960, 13960, 13959, 16126,
10078, 13960, 13953, 13953, 13960, 15611,
10079, 13947, 13954, 13954, 13947, 15817,
10080, 13964, 13962, 13962, 13964, 14562,
10080, 13962, 13960, 13960, 13962, 15611,
10080, 13960, 13963, 13963, 13960, 16126,
10080, 13963, 13964, 13964, 13963, 15612,
10081, 13966, 13964, 13964, 13966, 14562,
10081, 13964, 13965, 13965, 13964, 15612,
10081, 13965, 13922, 13922, 13965, 16269,
10081, 13922, 13966, 13966, 13922, 15602,
10082, 13961, 13966, 13966, 13961, 14562,
10082, 13966, 13921, 13921, 13966, 15602,
10082, 13921, 13949, 13949, 13921, 16124,
10082, 13949, 13961, 13961, 13949, 15608,
10083, 13968, 13969, 13969, 13968, 15818,
10085, 13782, 10629, 10629, 13782, 16220,
10087, 13976, 13968, 13968, 13976, 15818,
10089, 10621, 13518, 13518, 10621, 16157,
10091, 13969, 13976, 13976, 13969, 15818,
10101, 13735, 13836, 13836, 13735, 16221,
10111, 13994, 13995, 13995, 13994, 15820,
10115, 14002, 13994, 13994, 14002, 15820,
10119, 13995, 14002, 14002, 13995, 15820,
10121, 14010, 14009, 14009, 14010, 14569,
10121, 14009, 13248, 13248, 14009, 15402,
10121, 13248, 13722, 13722, 13248, 16224,
10121, 13722, 14010, 14010, 13722, 15546,
10123, 14012, 14013, 14013, 14012, 15821,
10127, 14020, 14012, 14012, 14020, 15821,
10131, 14013, 14020, 14020, 14013, 15821,
10133, 14028, 14027, 14027, 14028, 14572,
10133, 14027, 13282, 13282, 14027, 15413,
10133, 13282, 13748, 13748, 13282, 16231,
10133, 13748, 14028, 14028, 13748, 15553,
10135, 14030, 14031, 14031, 14030, 15822,
10137, 14035, 14034, 14034, 14035, 14573,
10137, 14034, 13355, 13355, 14034, 15437,
10137, 13355, 13300, 13300, 13355, 16246,
10137, 13300, 14035, 14035, 13300, 15417,
10139, 14038, 14030, 14030, 14038, 15822,
10143, 14031, 14038, 14038, 14031, 15822,
10147, 14048, 14049, 14049, 14048, 15823,
10149, 14054, 14052, 14052, 14054, 14576,
10149, 14052, 13347, 13347, 14052, 15433,
10149, 13347, 14053, 14053, 13347, 16232,
10149, 14053, 14054, 14054, 14053, 15628,
10151, 14058, 14048, 14048, 14058, 15823,
10155, 14049, 14058, 14058, 14049, 15823,
10175, 14074, 14075, 14075, 14074, 15824,
10179, 14082, 14074, 14074, 14082, 15824,
10181, 14086, 14084, 14084, 14086, 14580,
10181, 14084, 14053, 14053, 14084, 15628,
10181, 14053, 14085, 14085, 14053, 16232,
10181, 14085, 14086, 14086, 14085, 15636,
10182, 14081, 14086, 14086, 14081, 14580,
10182, 14086, 14087, 14087, 14086, 15636,
10182, 14087, 14088, 14088, 14087, 16129,
10182, 14088, 14081, 14081, 14088, 15637,
10183, 14075, 14082, 14082, 14075, 15824,
10184, 14092, 14090, 14090, 14092, 14581,
10184, 14090, 14088, 14088, 14090, 15637,
10184, 14088, 14091, 14091, 14088, 16129,
10184, 14091, 14092, 14092, 14091, 15638,
10185, 14094, 14092, 14092, 14094, 14581,
10185, 14092, 14093, 14093, 14092, 15638,
10185, 14093, 14072, 14072, 14093, 16273,
10185, 14072, 14094, 14094, 14072, 15633,
10186, 14089, 14094, 14094, 14089, 14581,
10186, 14094, 14071, 14071, 14094, 15633,
10186, 14071, 14077, 14077, 14071, 16128,
10186, 14077, 14089, 14089, 14077, 15634,
10187, 14096, 14097, 14097, 14096, 15825,
10191, 14104, 14096, 14096, 14104, 15825,
10195, 14097, 14104, 14104, 14097, 15825,
10197, 14112, 14111, 14111, 14112, 14584,
10197, 14111, 13338, 13338, 14111, 15429,
10197, 13338, 13752, 13752, 13338, 16242,
10197, 13752, 14112, 14112, 13752, 15555,
10201, 10913, 11027, 11027, 10913, 16188,
10205, 11019, 10953, 10953, 11019, 16192,
10209, 10945, 11009, 11009, 10945, 16191,
10213, 11001, 10921, 10921, 11001, 16187,
10217, 10973, 10697, 10697, 10973, 16186,
10221, 10689, 10753, 10753, 10689, 16190,
10225, 10745, 10891, 10891, 10745, 16189,
10229, 10883, 10981, 10981, 10883, 16185,
