47440, 55453, 55454, 55454, 55453, 63462,
47456, 55465, 55453, 55453, 55465, 63462,
47472, 55475, 55476, 55476, 55475, 63528,
47488, 55487, 55465, 55465, 55487, 63462,
47504, 55497, 55498, 55498, 55497, 63523,
47520, 55509, 55487, 55487, 55509, 63462,
47536, 55519, 55520, 55520, 55519, 63511,
47552, 55454, 55509, 55509, 55454, 63462,
47568, 55539, 55540, 55540, 55539, 63526,
47584, 55551, 55552, 55552, 55551, 63524,
47600, 55563, 55564, 55564, 55563, 63513,
47616, 55575, 55576, 55576, 55575, 63518,
47632, 55587, 55588, 55588, 55587, 63514,
47648, 55599, 55600, 55600, 55599, 63527,
47664, 55611, 55612, 55612, 55611, 63525,
47680, 55623, 55624, 55624, 55623, 63463,
47696, 55635, 55623, 55623, 55635, 63463,
47712, 55645, 55646, 55646, 55645, 63531,
47728, 55624, 55635, 55635, 55624, 63463,
47744, 55665, 55666, 55666, 55665, 63521,
47760, 55677, 55678, 55678, 55677, 63464,
47776, 55689, 55677, 55677, 55689, 63464,
47792, 55666, 55698, 55698, 55666, 63521,
47808, 55709, 55689, 55689, 55709, 63464,
47824, 55719, 55720, 55720, 55719, 63512,
47840, 55731, 55709, 55709, 55731, 63464,
47856, 55741, 55742, 55742, 55741, 63524,
47872, 55678, 55731, 55731, 55678, 63464,
47888, 55761, 55762, 55762, 55761, 63519,
47904, 55773, 55774, 55774, 55773, 63515,
47920, 55785, 55551, 55551, 55785, 63524,
47936, 55540, 55794, 55794, 55540, 63526,
47952, 55805, 55806, 55806, 55805, 63577,
47968, 55817, 55818, 55818, 55817, 63579,
47984, 55829, 55830, 55830, 55829, 63564,
48000, 55841, 55842, 55842, 55841, 63510,
48016, 55853, 55854, 55854, 55853, 63530,
48032, 55865, 55866, 55866, 55865, 63565,
48048, 55877, 55878, 55878, 55877, 63569,
48064, 55889, 55890, 55890, 55889, 63572,
48080, 55901, 55665, 55665, 55901, 63521,
48096, 55646, 55910, 55910, 55646, 63531,
48112, 55921, 55922, 55922, 55921, 63545,
48128, 55933, 55934, 55934, 55933, 63541,
48144, 55945, 55946, 55946, 55945, 63465,
48160, 55957, 55958, 55958, 55957, 63520,
48176, 55969, 55945, 55945, 55969, 63465,
48192, 55979, 55853, 55853, 55979, 63530,
48208, 55946, 55969, 55969, 55946, 63465,
48224, 55842, 55996, 55996, 55842, 63510,
48240, 55910, 56006, 56006, 55910, 63531,
48256, 56017, 56018, 56018, 56017, 63544,
48272, 56029, 55921, 55921, 56029, 63545,
48288, 56039, 56040, 56040, 56039, 63466,
48304, 56051, 56039, 56039, 56051, 63466,
48320, 56040, 56051, 56051, 56040, 63466,
48336, 56069, 56070, 56070, 56069, 63467,
48352, 56081, 56082, 56082, 56081, 63536,
48368, 56093, 56069, 56069, 56093, 63467,
48384, 56103, 56093, 56093, 56103, 63467,
48400, 56113, 56103, 56103, 56113, 63467,
48416, 56123, 55817, 55817, 56123, 63579,
48432, 56070, 56113, 56113, 56070, 63467,
48448, 56141, 56142, 56142, 56141, 63468,
48464, 56153, 56154, 56154, 56153, 63567,
48480, 56165, 56141, 56141, 56165, 63468,
48496, 56175, 56165, 56165, 56175, 63468,
48512, 56185, 56175, 56175, 56185, 63468,
48528, 56082, 56081, 56081, 56082, 63536,
48544, 56142, 56185, 56185, 56142, 63468,
48560, 56211, 56212, 56212, 56211, 63540,
48576, 56223, 56017, 56017, 56223, 63544,
48592, 56233, 56234, 56234, 56233, 63520,
48608, 56245, 56246, 56246, 56245, 63543,
48624, 56257, 56258, 56258, 56257, 63542,
48640, 56269, 56270, 56270, 56269, 63530,
48656, 56281, 56282, 56282, 56281, 63546,
48672, 56293, 56294, 56294, 56293, 63547,
48688, 56305, 55901, 55901, 56305, 63521,
48704, 55934, 56314, 56314, 55934, 63541,
48720, 56325, 56211, 56211, 56325, 63540,
48736, 56270, 55979, 55979, 56270, 63530,
48752, 55958, 56233, 56233, 55958, 63520,
48768, 56258, 56350, 56350, 56258, 63542,
48784, 56361, 56281, 56281, 56361, 63546,
48800, 56294, 56370, 56370, 56294, 63547,
48816, 56381, 56245, 56245, 56381, 63543,
48832, 56391, 56392, 56392, 56391, 63469,
48848, 55806, 56402, 56402, 55806, 63577,
48864, 56413, 56391, 56391, 56413, 63469,
48880, 56423, 56424, 56424, 56423, 63570,
48896, 56435, 56413, 56413, 56435, 63469,
48912, 56445, 56446, 56446, 56445, 63511,
48928, 56457, 56435, 56435, 56457, 63469,
48944, 56467, 56468, 56468, 56467, 63514,
48960, 56479, 56457, 56457, 56479, 63469,
48976, 56489, 56490, 56490, 56489, 63525,
48992, 56392, 56479, 56479, 56392, 63469,
49008, 56509, 56510, 56510, 56509, 63470,
49024, 56521, 56467, 56467, 56521, 63514,
49040, 56531, 56509, 56509, 56531, 63470,
49056, 56446, 55519, 55519, 56446, 63511,
49072, 56510, 56531, 56531, 56510, 63470,
49088, 55498, 56556, 56556, 55498, 63523,
49104, 56567, 56568, 56568, 56567, 63471,
49120, 56579, 56567, 56567, 56579, 63471,
49136, 56490, 56588, 56588, 56490, 63525,
49152, 56599, 56579, 56579, 56599, 63471,
49168, 56609, 56610, 56610, 56609, 63515,
49184, 56621, 56599, 56599, 56621, 63471,
49200, 56631, 55957, 55957, 56631, 63520,
49216, 56641, 56621, 56621, 56641, 63471,
49232, 55996, 55841, 55841, 55996, 63510,
49248, 56659, 56641, 56641, 56659, 63471,
49264, 55830, 56668, 56668, 55830, 63564,
49280, 56568, 56659, 56659, 56568, 63471,
49296, 56687, 56688, 56688, 56687, 63568,
49312, 56699, 56700, 56700, 56699, 63472,
49328, 56711, 56699, 56699, 56711, 63472,
49344, 55742, 56720, 56720, 55742, 63524,
49360, 56731, 56711, 56711, 56731, 63472,
49376, 56741, 56742, 56742, 56741, 63513,
49392, 56753, 56731, 56731, 56753, 63472,
49408, 56763, 56764, 56764, 56763, 63522,
49424, 56700, 56753, 56753, 56700, 63472,
49440, 56783, 56784, 56784, 56783, 63516,
49456, 56795, 55539, 55539, 56795, 63526,
49472, 56805, 56806, 56806, 56805, 63512,
49488, 56817, 56783, 56783, 56817, 63516,
49504, 55552, 55741, 55741, 55552, 63524,
49520, 55720, 56805, 56805, 55720, 63512,
49536, 56843, 56844, 56844, 56843, 63517,
49552, 56855, 56856, 56856, 56855, 63513,
49568, 56867, 56868, 56868, 56867, 63473,
49584, 56856, 56741, 56741, 56856, 63513,
49600, 56887, 56867, 56867, 56887, 63473,
49616, 56720, 55785, 55785, 56720, 63524,
49632, 56905, 56887, 56887, 56905, 63473,
49648, 56915, 56905, 56905, 56915, 63473,
49664, 56925, 56926, 56926, 56925, 63580,
49680, 56937, 56915, 56915, 56937, 63473,
49696, 56947, 56948, 56948, 56947, 63573,
49712, 56868, 56937, 56937, 56868, 63473,
49728, 56967, 56968, 56968, 56967, 63527,
49744, 56979, 55761, 55761, 56979, 63519,
49760, 56989, 55611, 55611, 56989, 63525,
49776, 55600, 56967, 56967, 55600, 63527,
49792, 55774, 56609, 56609, 55774, 63515,
49808, 56588, 56989, 56989, 56588, 63525,
49824, 57023, 55587, 55587, 57023, 63514,
49840, 55576, 57032, 57032, 55576, 63518,
49856, 57032, 57042, 57042, 57032, 63518,
49872, 57053, 55599, 55599, 57053, 63527,
49888, 57063, 57064, 57064, 57063, 63474,
49904, 57075, 57063, 57063, 57075, 63474,
49920, 57064, 57075, 57075, 57064, 63474,
49936, 57093, 57094, 57094, 57093, 63475,
49952, 57105, 57106, 57106, 57105, 63537,
49968, 57117, 57093, 57093, 57117, 63475,
49984, 57127, 57117, 57117, 57127, 63475,
50000, 57137, 57127, 57127, 57137, 63475,
50016, 57147, 55877, 55877, 57147, 63569,
50032, 57094, 57137, 57137, 57094, 63475,
50048, 57165, 57166, 57166, 57165, 63566,
50064, 57177, 55645, 55645, 57177, 63531,
50080, 57187, 56687, 56687, 57187, 63568,
50096, 56668, 55829, 55829, 56668, 63564,
50112, 55866, 57204, 57204, 55866, 63565,
50128, 57215, 57216, 57216, 57215, 63567,
50144, 56688, 57187, 57187, 56688, 63568,
50160, 57216, 56153, 56153, 57216, 63567,
50176, 55878, 57242, 57242, 55878, 63569,
50192, 57253, 57165, 57165, 57253, 63566,
50208, 55890, 57262, 57262, 55890, 63572,
50224, 57273, 57274, 57274, 57273, 63578,
50240, 57285, 56445, 56445, 57285, 63511,
50256, 56424, 57294, 57294, 56424, 63570,
50272, 57305, 57306, 57306, 57305, 63571,
50288, 57317, 57318, 57318, 57317, 63476,
50304, 57329, 56843, 56843, 57329, 63517,
50320, 57339, 57317, 57317, 57339, 63476,
50336, 57349, 57339, 57339, 57349, 63476,
50352, 57359, 57360, 57360, 57359, 63574,
50368, 57371, 57349, 57349, 57371, 63476,
50384, 57381, 57382, 57382, 57381, 63581,
50400, 57393, 57371, 57371, 57393, 63476,
50416, 57318, 57393, 57393, 57318, 63476,
50432, 55794, 57410, 57410, 55794, 63526,
50448, 57274, 57420, 57420, 57274, 63578,
50464, 55612, 56489, 56489, 55612, 63525,
50480, 56468, 57023, 57023, 56468, 63514,
50496, 57294, 56423, 56423, 57294, 63570,
50512, 56402, 55805, 55805, 56402, 63577,
50528, 55818, 57462, 57462, 55818, 63579,
50544, 57473, 57305, 57305, 57473, 63571,
50560, 55588, 57482, 57482, 55588, 63514,
50576, 55564, 56855, 56855, 55564, 63513,
50592, 56844, 57500, 57500, 56844, 63517,
50608, 57511, 57512, 57512, 57511, 63477,
50624, 57523, 57511, 57511, 57523, 63477,
50640, 57533, 57523, 57523, 57533, 63477,
50656, 56764, 57542, 57542, 56764, 63522,
50672, 57553, 57533, 57533, 57553, 63477,
50688, 57563, 57564, 57564, 57563, 63529,
50704, 57512, 57553, 57553, 57512, 63477,
50720, 57583, 57584, 57584, 57583, 63478,
50736, 57595, 57583, 57583, 57595, 63478,
50752, 57605, 57595, 57595, 57605, 63478,
50768, 57615, 57605, 57605, 57615, 63478,
50784, 57584, 57615, 57615, 57584, 63478,
50800, 57633, 57634, 57634, 57633, 63479,
50816, 55520, 57285, 57285, 55520, 63511,
50832, 57653, 57633, 57633, 57653, 63479,
50848, 57663, 57653, 57653, 57663, 63479,
50864, 57673, 57663, 57663, 57673, 63479,
50880, 57634, 57673, 57673, 57634, 63479,
50896, 57691, 57692, 57692, 57691, 63480,
50912, 57420, 57702, 57702, 57420, 63578,
50928, 57713, 57691, 57691, 57713, 63480,
50944, 57723, 57713, 57713, 57723, 63480,
50960, 57733, 57723, 57723, 57733, 63480,
50976, 57106, 57105, 57105, 57106, 63537,
50992, 57692, 57733, 57733, 57692, 63480,
51008, 57759, 57760, 57760, 57759, 63481,
51024, 57306, 57770, 57770, 57306, 63571,
51040, 57781, 57759, 57759, 57781, 63481,
51056, 57791, 57781, 57781, 57791, 63481,
51072, 57801, 57791, 57791, 57801, 63481,
51088, 57760, 57801, 57801, 57760, 63481,
51104, 57819, 57820, 57820, 57819, 63482,
51120, 57831, 55889, 55889, 57831, 63572,
51136, 57841, 57819, 57819, 57841, 63482,
51152, 57851, 57841, 57841, 57851, 63482,
51168, 57861, 57851, 57851, 57861, 63482,
51184, 57820, 57861, 57861, 57820, 63482,
51200, 56234, 56631, 56631, 56234, 63520,
51216, 56610, 57886, 57886, 56610, 63515,
51232, 57897, 57898, 57898, 57897, 63516,
51248, 57909, 55475, 55475, 57909, 63528,
51264, 57564, 57918, 57918, 57564, 63529,
51280, 57929, 56795, 56795, 57929, 63526,
51296, 56784, 57897, 57897, 56784, 63516,
51312, 57947, 56979, 56979, 57947, 63519,
51328, 56968, 57956, 57956, 56968, 63527,
51344, 57482, 56521, 56521, 57482, 63514,
51360, 56556, 55497, 55497, 56556, 63523,
51376, 55476, 57909, 57909, 55476, 63528,
51392, 57991, 55719, 55719, 57991, 63512,
51408, 55698, 56305, 56305, 55698, 63521,
51424, 57542, 56763, 56763, 57542, 63522,
51440, 56742, 55563, 55563, 56742, 63513,
51456, 57918, 57563, 57563, 57918, 63529,
51472, 58033, 55773, 55773, 58033, 63515,
51488, 55762, 58042, 58042, 55762, 63519,
51504, 57898, 56817, 56817, 57898, 63516,
51520, 56806, 58060, 58060, 56806, 63512,
51536, 57886, 58033, 58033, 57886, 63515,
51552, 58060, 57991, 57991, 58060, 63512,
51568, 58042, 57947, 57947, 58042, 63519,
51584, 58095, 57329, 57329, 58095, 63517,
51600, 57410, 57929, 57929, 57410, 63526,
51616, 57956, 57053, 57053, 57956, 63527,
51632, 57042, 58120, 58120, 57042, 63518,
51648, 58120, 55575, 55575, 58120, 63518,
51664, 57500, 58095, 58095, 57500, 63517,
51680, 58147, 56925, 56925, 58147, 63580,
51696, 58157, 58158, 58158, 58157, 63582,
51712, 58169, 58170, 58170, 58169, 63552,
51728, 58181, 58182, 58182, 58181, 63554,
51744, 58193, 58194, 58194, 58193, 63560,
51760, 58205, 58206, 58206, 58205, 63561,
51776, 56948, 58216, 58216, 56948, 63573,
51792, 58227, 58228, 58228, 58227, 63575,
51808, 58239, 58240, 58240, 58239, 63483,
51824, 58251, 58239, 58239, 58251, 63483,
51840, 58228, 58260, 58260, 58228, 63575,
51856, 58271, 58251, 58251, 58271, 63483,
51872, 58281, 58157, 58157, 58281, 63582,
51888, 58291, 58271, 58271, 58291, 63483,
51904, 58301, 58291, 58291, 58301, 63483,
51920, 58311, 58312, 58312, 58311, 63548,
51936, 58240, 58301, 58301, 58240, 63483,
51952, 58331, 58332, 58332, 58331, 63549,
51968, 58216, 56947, 56947, 58216, 63573,
51984, 56926, 58147, 58147, 56926, 63580,
52000, 58158, 58281, 58281, 58158, 63582,
52016, 58260, 58227, 58227, 58260, 63575,
52032, 58375, 58376, 58376, 58375, 63557,
52048, 58387, 58388, 58388, 58387, 63558,
52064, 58399, 58400, 58400, 58399, 63586,
52080, 58411, 58412, 58412, 58411, 63587,
52096, 58423, 58424, 58424, 58423, 63584,
52112, 58435, 58436, 58436, 58435, 63585,
52128, 58412, 58446, 58446, 58412, 63587,
52144, 58457, 58423, 58423, 58457, 63584,
52160, 58467, 58468, 58468, 58467, 63590,
52176, 58479, 58480, 58480, 58479, 63588,
52192, 58436, 58490, 58490, 58436, 63585,
52208, 58501, 58399, 58399, 58501, 63586,
52224, 58511, 58512, 58512, 58511, 63589,
52240, 58523, 58524, 58524, 58523, 63591,
52256, 58480, 58534, 58534, 58480, 63588,
52272, 58545, 58511, 58511, 58545, 63589,
52288, 58524, 58554, 58554, 58524, 63591,
52304, 58565, 58467, 58467, 58565, 63590,
52320, 58182, 58574, 58574, 58182, 63554,
52336, 58585, 58586, 58586, 58585, 63555,
52352, 58597, 57359, 57359, 58597, 63574,
52368, 58607, 58608, 58608, 58607, 63576,
52384, 58619, 58620, 58620, 58619, 63550,
52400, 58631, 58311, 58311, 58631, 63548,
52416, 58332, 58640, 58640, 58332, 63549,
52432, 58651, 58652, 58652, 58651, 63551,
52448, 58586, 58662, 58662, 58586, 63555,
52464, 58673, 58674, 58674, 58673, 63553,
52480, 58674, 58684, 58684, 58674, 63553,
52496, 58695, 58169, 58169, 58695, 63552,
52512, 58705, 58706, 58706, 58705, 63562,
52528, 58717, 58193, 58193, 58717, 63560,
52544, 58727, 58728, 58728, 58727, 63556,
52560, 58739, 58375, 58375, 58739, 63557,
52576, 58388, 58748, 58748, 58388, 63558,
52592, 58759, 58760, 58760, 58759, 63559,
52608, 58771, 58772, 58772, 58771, 63563,
52624, 58783, 58705, 58705, 58783, 63562,
52640, 58206, 58792, 58792, 58206, 63561,
52656, 58803, 58771, 58771, 58803, 63563,
52672, 58813, 57381, 57381, 58813, 63581,
52688, 57360, 58597, 58597, 57360, 63574,
52704, 58608, 58830, 58830, 58608, 63576,
52720, 58760, 58840, 58840, 58760, 63559,
52736, 58851, 58727, 58727, 58851, 63556,
52752, 57382, 58813, 58813, 57382, 63581,
52768, 58869, 58870, 58870, 58869, 63583,
52784, 58881, 58619, 58619, 58881, 63550,
52800, 58891, 58892, 58892, 58891, 63484,
52816, 58903, 58891, 58891, 58903, 63484,
52832, 58830, 58607, 58607, 58830, 63576,
52848, 58921, 58903, 58903, 58921, 63484,
52864, 58931, 58921, 58921, 58931, 63484,
52880, 58652, 58940, 58940, 58652, 63551,
52896, 58892, 58931, 58931, 58892, 63484,
52912, 58959, 58869, 58869, 58959, 63583,
52928, 58574, 58181, 58181, 58574, 63554,
52944, 58170, 58695, 58695, 58170, 63552,
52960, 58684, 58673, 58673, 58684, 63553,
52976, 58662, 58585, 58585, 58662, 63555,
52992, 58792, 58205, 58205, 58792, 63561,
53008, 58194, 58717, 58717, 58194, 63560,
53024, 58706, 58783, 58783, 58706, 63562,
53040, 58772, 58803, 58803, 58772, 63563,
53056, 59033, 59034, 59034, 59033, 63485,
53072, 58640, 58331, 58331, 58640, 63549,
53088, 59053, 59033, 59033, 59053, 63485,
53104, 58312, 58631, 58631, 58312, 63548,
53120, 59071, 59053, 59053, 59071, 63485,
53136, 58620, 58881, 58881, 58620, 63550,
53152, 59089, 59071, 59071, 59089, 63485,
53168, 58870, 58959, 58959, 58870, 63583,
53184, 59034, 59089, 59089, 59034, 63485,
53200, 58940, 58651, 58651, 58940, 63551,
53216, 58748, 58387, 58387, 58748, 63558,
53232, 58376, 58739, 58739, 58376, 63557,
53248, 58728, 58851, 58851, 58728, 63556,
53264, 58840, 58759, 58759, 58840, 63559,
53280, 58446, 58411, 58411, 58446, 63587,
53296, 58400, 58501, 58501, 58400, 63586,
53312, 58424, 58457, 58457, 58424, 63584,
53328, 58490, 58435, 58435, 58490, 63585,
53344, 58468, 58565, 58565, 58468, 63590,
53360, 58554, 58523, 58523, 58554, 63591,
53376, 58534, 58479, 58479, 58534, 63588,
53392, 58512, 58545, 58545, 58512, 63589,
53408, 59219, 57147, 57147, 59219, 63569,
53424, 59229, 57253, 57253, 59229, 63566,
53440, 57242, 59219, 59219, 57242, 63569,
53456, 59247, 56123, 56123, 59247, 63579,
53472, 57770, 59256, 59256, 57770, 63571,
53488, 59256, 57473, 57473, 59256, 63571,
53504, 57462, 59247, 59247, 57462, 63579,
53520, 56154, 59282, 59282, 56154, 63567,
53536, 59282, 57215, 57215, 59282, 63567,
53552, 57204, 59300, 59300, 57204, 63565,
53568, 59311, 59312, 59312, 59311, 63486,
53584, 59323, 59311, 59311, 59323, 63486,
53600, 59312, 59323, 59323, 59312, 63486,
53616, 59341, 59342, 59342, 59341, 63487,
53632, 59353, 59341, 59341, 59353, 63487,
53648, 59342, 59353, 59353, 59342, 63487,
53664, 59371, 59372, 59372, 59371, 63488,
53680, 59383, 59371, 59371, 59383, 63488,
53696, 59372, 59383, 59383, 59372, 63488,
53712, 59401, 59402, 59402, 59401, 63489,
53728, 59413, 59401, 59401, 59413, 63489,
53744, 59402, 59413, 59413, 59402, 63489,
53760, 59431, 59432, 59432, 59431, 63490,
53776, 59443, 59431, 59431, 59443, 63490,
53792, 59432, 59443, 59443, 59432, 63490,
53808, 59461, 59462, 59462, 59461, 63491,
53824, 59473, 59474, 59474, 59473, 63538,
53840, 59485, 59461, 59461, 59485, 63491,
53856, 59462, 59485, 59485, 59462, 63491,
53872, 59503, 59504, 59504, 59503, 63539,
53888, 59515, 56269, 56269, 59515, 63530,
53904, 59525, 59526, 59526, 59525, 63532,
53920, 59537, 59538, 59538, 59537, 63538,
53936, 59549, 59550, 59550, 59549, 63534,
53952, 59561, 59562, 59562, 59561, 63492,
53968, 59573, 59561, 59561, 59573, 63492,
53984, 59583, 59503, 59503, 59583, 63539,
54000, 59562, 59573, 59573, 59562, 63492,
54016, 59601, 59602, 59602, 59601, 63533,
54032, 59613, 59549, 59549, 59613, 63534,
54048, 59623, 59601, 59601, 59623, 63533,
54064, 59633, 59515, 59515, 59633, 63530,
54080, 59526, 59642, 59642, 59526, 63532,
54096, 56006, 59652, 59652, 56006, 63531,
54112, 59663, 59664, 59664, 59663, 63535,
54128, 59550, 59613, 59613, 59550, 63534,
54144, 59652, 59682, 59682, 59652, 63531,
54160, 59693, 59663, 59663, 59693, 63535,
54176, 59602, 59623, 59623, 59602, 63533,
54192, 59664, 59693, 59693, 59664, 63535,
54208, 59642, 59525, 59525, 59642, 63532,
54224, 59727, 59728, 59728, 59727, 63539,
54240, 59739, 59537, 59537, 59739, 63538,
54256, 59504, 59727, 59727, 59504, 63539,
54272, 59757, 59758, 59758, 59757, 63493,
54288, 59769, 59757, 59757, 59769, 63493,
54304, 59758, 59769, 59769, 59758, 63493,
54320, 59474, 59739, 59739, 59474, 63538,
54336, 59795, 59796, 59796, 59795, 63494,
54352, 59807, 59795, 59795, 59807, 63494,
54368, 59796, 59807, 59807, 59796, 63494,
54384, 59825, 59826, 59826, 59825, 63495,
54400, 59837, 59825, 59825, 59837, 63495,
54416, 59826, 59837, 59837, 59826, 63495,
54432, 59538, 59473, 59473, 59538, 63538,
54448, 59863, 59864, 59864, 59863, 63496,
54464, 59682, 57177, 57177, 59682, 63531,
54480, 59883, 59863, 59863, 59883, 63496,
54496, 57166, 59892, 59892, 57166, 63566,
54512, 59864, 59883, 59883, 59864, 63496,
54528, 59911, 59912, 59912, 59911, 63497,
54544, 59728, 59583, 59583, 59728, 63539,
54560, 59931, 59911, 59911, 59931, 63497,
54576, 59912, 59931, 59931, 59912, 63497,
54592, 59949, 59950, 59950, 59949, 63565,
54608, 57702, 59960, 59960, 57702, 63578,
54624, 59960, 57273, 57273, 59960, 63578,
54640, 57262, 59978, 59978, 57262, 63572,
54656, 59300, 59949, 59949, 59300, 63565,
54672, 59997, 59229, 59229, 59997, 63566,
54688, 59978, 57831, 57831, 59978, 63572,
54704, 60015, 60016, 60016, 60015, 63498,
54720, 60027, 60015, 60015, 60027, 63498,
54736, 60016, 60027, 60027, 60016, 63498,
54752, 60045, 60046, 60046, 60045, 63499,
54768, 60057, 60045, 60045, 60057, 63499,
54784, 60046, 60057, 60057, 60046, 63499,
54800, 60075, 60076, 60076, 60075, 63500,
54816, 60087, 60075, 60075, 60087, 63500,
54832, 60076, 60087, 60087, 60076, 63500,
54848, 60105, 60106, 60106, 60105, 63501,
54864, 60117, 60105, 60105, 60117, 63501,
54880, 60106, 60117, 60117, 60106, 63501,
54896, 60135, 60136, 60136, 60135, 63502,
54912, 60147, 60135, 60135, 60147, 63502,
54928, 60136, 60147, 60147, 60136, 63502,
54944, 60165, 60166, 60166, 60165, 63503,
54960, 59950, 55865, 55865, 59950, 63565,
54976, 60185, 60165, 60165, 60185, 63503,
54992, 55854, 59633, 59633, 55854, 63530,
55008, 60166, 60185, 60185, 60166, 63503,
55024, 59892, 59997, 59997, 59892, 63566,
55040, 60219, 60220, 60220, 60219, 63504,
55056, 60231, 60219, 60219, 60231, 63504,
55072, 60220, 60231, 60231, 60220, 63504,
55088, 60249, 60250, 60250, 60249, 63505,
55104, 60261, 60249, 60249, 60261, 63505,
55120, 60250, 60261, 60261, 60250, 63505,
55136, 60279, 60280, 60280, 60279, 63506,
55152, 60291, 60279, 60279, 60291, 63506,
55168, 60280, 60291, 60291, 60280, 63506,
55184, 60309, 60310, 60310, 60309, 63507,
55200, 60321, 60309, 60309, 60321, 63507,
55216, 60310, 60321, 60321, 60310, 63507,
55232, 60339, 60340, 60340, 60339, 63508,
55248, 60351, 60339, 60339, 60351, 63508,
55264, 60340, 60351, 60351, 60340, 63508,
55280, 60369, 60370, 60370, 60369, 63509,
55296, 60381, 60369, 60369, 60381, 63509,
55312, 60370, 60381, 60381, 60370, 63509,
55328, 56246, 56381, 56381, 56246, 63543,
55344, 56370, 56293, 56293, 56370, 63547,
55360, 56282, 56361, 56361, 56282, 63546,
55376, 56350, 56257, 56257, 56350, 63542,
55392, 56314, 55933, 55933, 56314, 63541,
55408, 55922, 56029, 56029, 55922, 63545,
55424, 56018, 56223, 56223, 56018, 63544,
55440, 56212, 56325, 56325, 56212, 63540,
