1565, 2741, 2737, 2737, 2741, 3295,
1565, 2737, 2738, 2738, 2737, 3321,
1565, 2738, 2739, 2739, 2738, 3306,
1565, 2739, 2740, 2740, 2739, 3286,
1565, 2740, 2741, 2741, 2740, 3513,
1566, 2745, 2742, 2742, 2745, 3313,
1566, 2742, 2743, 2743, 2742, 3311,
1567, 2746, 2747, 2747, 2746, 3288,
1568, 2753, 2750, 2750, 2753, 3293,
1568, 2750, 2751, 2751, 2750, 3289,
1569, 2757, 2754, 2754, 2757, 3314,
1569, 2754, 2755, 2755, 2754, 3312,
1570, 2760, 2758, 2758, 2760, 3280,
1570, 2758, 2759, 2759, 2758, 3333,
1570, 2759, 2760, 2760, 2759, 3304,
1571, 2764, 2760, 2760, 2764, 3280,
1571, 2760, 2761, 2761, 2760, 3304,
1571, 2761, 2762, 2762, 2761, 3287,
1571, 2762, 2763, 2763, 2762, 3311,
1571, 2763, 2764, 2764, 2763, 3404,
1572, 2768, 2765, 2765, 2768, 3294,
1572, 2765, 2766, 2766, 2765, 3290,
1573, 2771, 2742, 2742, 2771, 3311,
1573, 2742, 2769, 2769, 2742, 3313,
1575, 2778, 2775, 2775, 2778, 3478,
1575, 2777, 2778, 2778, 2777, 3486,
1576, 2782, 2779, 2779, 2782, 3442,
1576, 2779, 2780, 2780, 2779, 3284,
1576, 2780, 2781, 2781, 2780, 3331,
1576, 2781, 2782, 2782, 2781, 3446,
1577, 2786, 2783, 2783, 2786, 3452,
1577, 2783, 2784, 2784, 2783, 3307,
1577, 2784, 2785, 2785, 2784, 3335,
1577, 2785, 2786, 2786, 2785, 3458,
1578, 2790, 2787, 2787, 2790, 3462,
1578, 2787, 2788, 2788, 2787, 3282,
1578, 2788, 2789, 2789, 2788, 3334,
1578, 2789, 2790, 2790, 2789, 3468,
1579, 2793, 2759, 2759, 2793, 3304,
1579, 2759, 2791, 2791, 2759, 3333,
1579, 2791, 2792, 2792, 2791, 3391,
1579, 2792, 2793, 2793, 2792, 3387,
1580, 2795, 2794, 2794, 2795, 3303,
1580, 2794, 2780, 2780, 2794, 3331,
1580, 2780, 2795, 2795, 2780, 3284,
1581, 2791, 2796, 2796, 2791, 3333,
1581, 2796, 2797, 2797, 2796, 3347,
1581, 2797, 2798, 2798, 2797, 3390,
1581, 2798, 2791, 2791, 2798, 3391,
1582, 2801, 2799, 2799, 2801, 3334,
1582, 2799, 2800, 2800, 2799, 3346,
1582, 2800, 2801, 2801, 2800, 3358,
1583, 2805, 2802, 2802, 2805, 3366,
1583, 2802, 2803, 2803, 2802, 3367,
1583, 2803, 2804, 2804, 2803, 3487,
1583, 2804, 2777, 2777, 2804, 3486,
1583, 2777, 2805, 2805, 2777, 3332,
1584, 2808, 2806, 2806, 2808, 3454,
1584, 2806, 2807, 2807, 2806, 3455,
1584, 2807, 2802, 2802, 2807, 3367,
1584, 2802, 2805, 2805, 2802, 3366,
1584, 2805, 2808, 2808, 2805, 3332,
1585, 2797, 2809, 2809, 2797, 3347,
1585, 2809, 2810, 2810, 2809, 3328,
1585, 2810, 2811, 2811, 2810, 3386,
1585, 2811, 2797, 2797, 2811, 3390,
1586, 2815, 2812, 2812, 2815, 3303,
1586, 2812, 2813, 2813, 2812, 3318,
1586, 2813, 2814, 2814, 2813, 3389,
1586, 2814, 2815, 2815, 2814, 3388,
1587, 2819, 2816, 2816, 2819, 3342,
1587, 2816, 2817, 2817, 2816, 3331,
1587, 2817, 2818, 2818, 2817, 3392,
1587, 2818, 2819, 2819, 2818, 3393,
1588, 2810, 2820, 2820, 2810, 3328,
1588, 2820, 2793, 2793, 2820, 3304,
1588, 2793, 2821, 2821, 2793, 3387,
1588, 2821, 2810, 2810, 2821, 3386,
1589, 2817, 2794, 2794, 2817, 3331,
1589, 2794, 2815, 2815, 2794, 3303,
1589, 2815, 2822, 2822, 2815, 3388,
1589, 2822, 2817, 2817, 2822, 3392,
1590, 2813, 2823, 2823, 2813, 3318,
1590, 2823, 2819, 2819, 2823, 3342,
1590, 2819, 2824, 2824, 2819, 3393,
1590, 2824, 2813, 2813, 2824, 3389,
1591, 2775, 2825, 2825, 2775, 3478,
1591, 2825, 2826, 2826, 2825, 3465,
1591, 2826, 2827, 2827, 2826, 3286,
1591, 2827, 2828, 2828, 2827, 3289,
1591, 2828, 2829, 2829, 2828, 3312,
1591, 2829, 2775, 2775, 2829, 3309,
1592, 2830, 2827, 2827, 2830, 3289,
1592, 2827, 2739, 2739, 2827, 3286,
1592, 2739, 2830, 2830, 2739, 3306,
1593, 2834, 2829, 2829, 2834, 3309,
1593, 2829, 2831, 2831, 2829, 3312,
1593, 2831, 2832, 2832, 2831, 3290,
1593, 2832, 2795, 2795, 2832, 3303,
1593, 2795, 2779, 2779, 2795, 3284,
1593, 2779, 2833, 2833, 2779, 3442,
1593, 2833, 2834, 2834, 2833, 3457,
1594, 2838, 2763, 2763, 2838, 3404,
1594, 2763, 2835, 2835, 2763, 3311,
1594, 2835, 2836, 2836, 2835, 3288,
1594, 2836, 2837, 2837, 2836, 3305,
1594, 2837, 2838, 2838, 2837, 3282,
1595, 2841, 2839, 2839, 2841, 3291,
1595, 2839, 2745, 2745, 2839, 3313,
1596, 2844, 2842, 2842, 2844, 3287,
1596, 2842, 2841, 2841, 2842, 3291,
1597, 2743, 2762, 2762, 2743, 3311,
1597, 2762, 2844, 2844, 2762, 3287,
1598, 2849, 2846, 2846, 2849, 3292,
1598, 2846, 2847, 2847, 2846, 3288,
1599, 2847, 2835, 2835, 2847, 3288,
1599, 2835, 2771, 2771, 2835, 3311,
1599, 2771, 2850, 2850, 2771, 3409,
1599, 2850, 2851, 2851, 2850, 3488,
1599, 2851, 2852, 2852, 2851, 3473,
1599, 2852, 2847, 2847, 2852, 3410,
1600, 2855, 2853, 2853, 2855, 3314,
1600, 2853, 2768, 2768, 2853, 3294,
1601, 2857, 2754, 2754, 2857, 3312,
1601, 2754, 2855, 2855, 2754, 3314,
1602, 2766, 2831, 2831, 2766, 3290,
1602, 2831, 2857, 2857, 2831, 3312,
1603, 2861, 2750, 2750, 2861, 3289,
1603, 2750, 2859, 2859, 2750, 3293,
1604, 2859, 2862, 2862, 2859, 3293,
1604, 2862, 2757, 2757, 2862, 3314,
1605, 2866, 2864, 2864, 2866, 3360,
1605, 2864, 2865, 2865, 2864, 3341,
1605, 2865, 2866, 2866, 2865, 3330,
1606, 2870, 2867, 2867, 2870, 3368,
1606, 2867, 2868, 2868, 2867, 3369,
1606, 2868, 2869, 2869, 2868, 3461,
1606, 2869, 2785, 2785, 2869, 3458,
1606, 2785, 2870, 2870, 2785, 3335,
1607, 2758, 2871, 2871, 2758, 3280,
1607, 2871, 2872, 2872, 2871, 3444,
1607, 2872, 2873, 2873, 2872, 3447,
1607, 2873, 2758, 2758, 2873, 3333,
1608, 2875, 2833, 2833, 2875, 3457,
1608, 2833, 2782, 2782, 2833, 3442,
1608, 2782, 2874, 2874, 2782, 3446,
1608, 2874, 2875, 2875, 2874, 3454,
1609, 2834, 2875, 2875, 2834, 3457,
1609, 2875, 2808, 2808, 2875, 3454,
1610, 2872, 2876, 2876, 2872, 3444,
1610, 2876, 2786, 2786, 2876, 3452,
1610, 2786, 2877, 2877, 2786, 3458,
1610, 2877, 2872, 2872, 2877, 3447,
1611, 2880, 2878, 2878, 2880, 3484,
1611, 2878, 2790, 2790, 2878, 3462,
1611, 2790, 2879, 2879, 2790, 3468,
1611, 2879, 2880, 2880, 2879, 3480,
1612, 2883, 2826, 2826, 2883, 3286,
1612, 2826, 2881, 2881, 2826, 3465,
1612, 2881, 2882, 2882, 2881, 3467,
1613, 2887, 2849, 2849, 2887, 3292,
1613, 2849, 2884, 2884, 2849, 3412,
1613, 2884, 2885, 2885, 2884, 3474,
1613, 2885, 2886, 2886, 2885, 3489,
1613, 2886, 2769, 2769, 2886, 3411,
1613, 2769, 2887, 2887, 2769, 3313,
1614, 2784, 2888, 2888, 2784, 3307,
1614, 2888, 2880, 2880, 2888, 3484,
1614, 2880, 2889, 2889, 2880, 3480,
1614, 2889, 2784, 2784, 2889, 3335,
1615, 2755, 2828, 2828, 2755, 3312,
1615, 2828, 2861, 2861, 2828, 3289,
1616, 2881, 2825, 2825, 2881, 3465,
1616, 2825, 2778, 2778, 2825, 3478,
1616, 2778, 2891, 2891, 2778, 3486,
1616, 2891, 2881, 2881, 2891, 3467,
1617, 2751, 2892, 2892, 2751, 3289,
1618, 2747, 2846, 2846, 2747, 3288,
1618, 2846, 2895, 2895, 2846, 3292,
1620, 2741, 2899, 2899, 2741, 3513,
1620, 2899, 2837, 2837, 2899, 3282,
1620, 2837, 2900, 2900, 2837, 3305,
1620, 2900, 2901, 2901, 2900, 3324,
1620, 2901, 2741, 2741, 2901, 3295,
1621, 2799, 2788, 2788, 2799, 3334,
1621, 2788, 2899, 2899, 2788, 3282,
1621, 2899, 2902, 2902, 2899, 3513,
1621, 2902, 2903, 2903, 2902, 3336,
1621, 2903, 2799, 2799, 2903, 3346,
1622, 2740, 2883, 2883, 2740, 3286,
1622, 2883, 2865, 2865, 2883, 3330,
1622, 2865, 2904, 2904, 2865, 3341,
1622, 2904, 2902, 2902, 2904, 3336,
1622, 2902, 2740, 2740, 2902, 3513,
1623, 2889, 2905, 2905, 2889, 3480,
1623, 2905, 2906, 2906, 2905, 3483,
1623, 2906, 2867, 2867, 2906, 3369,
1623, 2867, 2870, 2870, 2867, 3368,
1623, 2870, 2889, 2889, 2870, 3335,
1624, 2882, 2907, 2907, 2882, 3467,
1624, 2907, 2908, 2908, 2907, 3471,
1624, 2908, 2909, 2909, 2908, 3361,
1624, 2909, 2866, 2866, 2909, 3360,
1624, 2866, 2882, 2882, 2866, 3330,
1625, 2912, 2789, 2789, 2912, 3468,
1625, 2789, 2801, 2801, 2789, 3334,
1625, 2801, 2910, 2910, 2801, 3358,
1625, 2910, 2911, 2911, 2910, 3359,
1625, 2911, 2912, 2912, 2911, 3472,
1626, 2914, 2812, 2812, 2914, 3318,
1626, 2812, 2832, 2832, 2812, 3303,
1626, 2832, 2913, 2913, 2832, 3290,
1626, 2913, 2914, 2914, 2913, 3319,
1629, 2923, 2924, 2924, 2923, 3291,
1630, 2926, 2737, 2737, 2926, 3321,
1631, 2901, 2928, 2928, 2901, 3324,
1632, 2932, 2929, 2929, 2932, 3323,
1632, 2929, 2930, 2930, 2929, 3328,
1632, 2930, 2931, 2931, 2930, 3297,
1632, 2931, 2932, 2932, 2931, 3300,
1633, 2934, 2839, 2839, 2934, 3313,
1633, 2839, 2923, 2923, 2839, 3291,
1635, 2939, 2853, 2853, 2939, 3294,
1635, 2853, 2938, 2938, 2853, 3314,
1636, 2892, 2830, 2830, 2892, 3289,
1636, 2830, 2738, 2738, 2830, 3306,
1636, 2738, 2926, 2926, 2738, 3321,
1638, 2931, 2942, 2942, 2931, 3297,
1638, 2942, 2914, 2914, 2942, 3318,
1638, 2914, 2943, 2943, 2914, 3319,
1638, 2943, 2931, 2931, 2943, 3300,
1640, 2945, 2761, 2761, 2945, 3287,
1640, 2761, 2820, 2820, 2761, 3304,
1640, 2820, 2929, 2929, 2820, 3328,
1640, 2929, 2945, 2945, 2929, 3323,
1641, 2900, 2836, 2836, 2900, 3305,
1641, 2836, 2746, 2746, 2836, 3288,
1641, 2928, 2900, 2900, 2928, 3324,
1642, 2948, 2765, 2765, 2948, 3290,
1642, 2765, 2946, 2946, 2765, 3294,
1644, 2924, 2842, 2842, 2924, 3291,
1644, 2842, 2952, 2952, 2842, 3287,
1647, 2913, 2948, 2948, 2913, 3290,
1648, 2952, 2945, 2945, 2952, 3287,
1649, 2946, 2939, 2939, 2946, 3294,
1650, 2963, 2887, 2887, 2963, 3292,
1650, 2887, 2934, 2934, 2887, 3313,
1651, 2938, 2862, 2862, 2938, 3314,
1651, 2862, 2964, 2964, 2862, 3293,
1653, 2964, 2753, 2753, 2964, 3293,
1654, 2895, 2963, 2963, 2895, 3292,
1658, 2972, 2850, 2850, 2972, 3488,
1658, 2971, 2972, 2972, 2971, 3490,
1659, 2973, 2974, 2974, 2973, 3421,
1659, 2974, 2975, 2975, 2974, 3423,
1660, 2976, 2977, 2977, 2976, 3437,
1660, 2977, 2978, 2978, 2977, 3438,
1661, 2852, 2979, 2979, 2852, 3473,
1661, 2979, 2980, 2980, 2979, 3475,
1662, 2985, 2980, 2980, 2985, 3414,
1662, 2980, 2982, 2982, 2980, 3475,
1662, 2982, 2971, 2971, 2982, 3490,
1662, 2971, 2983, 2983, 2971, 3413,
1662, 2983, 2984, 2984, 2983, 3417,
1662, 2984, 2985, 2985, 2984, 3418,
1663, 2979, 2851, 2851, 2979, 3473,
1663, 2851, 2972, 2972, 2851, 3488,
1663, 2972, 2982, 2982, 2972, 3490,
1663, 2982, 2979, 2979, 2982, 3475,
1664, 2986, 2987, 2987, 2986, 3434,
1664, 2987, 2988, 2988, 2987, 3435,
1665, 2989, 2990, 2990, 2989, 3507,
1665, 2990, 2991, 2991, 2990, 3508,
1666, 2992, 2993, 2993, 2992, 3504,
1666, 2993, 2994, 2994, 2993, 3506,
1667, 2991, 2995, 2995, 2991, 3508,
1668, 2998, 2992, 2992, 2998, 3504,
1673, 3008, 3009, 3009, 3008, 3550,
1674, 3011, 3012, 3012, 3011, 3547,
1677, 2994, 3018, 3018, 2994, 3506,
1678, 3019, 2989, 2989, 3019, 3507,
1679, 3020, 3021, 3021, 3020, 3549,
1680, 3023, 3024, 3024, 3023, 3551,
1682, 3012, 3026, 3026, 3012, 3547,
1682, 3026, 3020, 3020, 3026, 3549,
1683, 3024, 3027, 3027, 3024, 3551,
1683, 3027, 3008, 3008, 3027, 3550,
1685, 2975, 3029, 3029, 2975, 3423,
1685, 3029, 3030, 3030, 3029, 3424,
1688, 3036, 2884, 2884, 3036, 3474,
1688, 3035, 3036, 3036, 3035, 3476,
1689, 3037, 3038, 3038, 3037, 3419,
1689, 3038, 2983, 2983, 3038, 3417,
1690, 2985, 3039, 3039, 2985, 3418,
1690, 3039, 3040, 3040, 3039, 3420,
1691, 3030, 3041, 3041, 3030, 3424,
1691, 3041, 3042, 3042, 3041, 3422,
1692, 3042, 3043, 3043, 3042, 3422,
1692, 3043, 2973, 2973, 3043, 3421,
1693, 3044, 3045, 3045, 3044, 3439,
1693, 3045, 2976, 2976, 3045, 3437,
1694, 3046, 3047, 3047, 3046, 3433,
1694, 3047, 2986, 2986, 3047, 3434,
1695, 2988, 3048, 3048, 2988, 3435,
1695, 3048, 3049, 3049, 3048, 3436,
1696, 3050, 3051, 3051, 3050, 3440,
1696, 3051, 3044, 3044, 3051, 3439,
1697, 2978, 3052, 3052, 2978, 3438,
1697, 3052, 3050, 3050, 3052, 3440,
1698, 3054, 2885, 2885, 3054, 3489,
1698, 2885, 3036, 3036, 2885, 3474,
1698, 3036, 3053, 3053, 3036, 3476,
1699, 3049, 3055, 3055, 3049, 3436,
1699, 3055, 3046, 3046, 3055, 3433,
1700, 2886, 3054, 3054, 2886, 3489,
1701, 3057, 3058, 3058, 3057, 3492,
1701, 3058, 3037, 3037, 3058, 3419,
1702, 3057, 3053, 3053, 3057, 3491,
1702, 3053, 3035, 3035, 3053, 3476,
1702, 3035, 3040, 3040, 3035, 3416,
1702, 3040, 3059, 3059, 3040, 3420,
1702, 3059, 3057, 3057, 3059, 3492,
1703, 3029, 2974, 2974, 3029, 3423,
1703, 2974, 3043, 3043, 2974, 3421,
1703, 3043, 3041, 3041, 3043, 3422,
1703, 3041, 3029, 3029, 3041, 3424,
1704, 3052, 2977, 2977, 3052, 3438,
1704, 2977, 3045, 3045, 2977, 3437,
1704, 3045, 3051, 3051, 3045, 3439,
1704, 3051, 3052, 3052, 3051, 3440,
1705, 3039, 2984, 2984, 3039, 3418,
1705, 2984, 3038, 3038, 2984, 3417,
1705, 3038, 3058, 3058, 3038, 3419,
1705, 3058, 3059, 3059, 3058, 3492,
1705, 3059, 3039, 3039, 3059, 3420,
1706, 3048, 2987, 2987, 3048, 3435,
1706, 2987, 3047, 3047, 2987, 3434,
1706, 3047, 3055, 3055, 3047, 3433,
1706, 3055, 3048, 3048, 3055, 3436,
1708, 2995, 2990, 2990, 2995, 3508,
1708, 2990, 3019, 3019, 2990, 3507,
1709, 2993, 2998, 2998, 2993, 3504,
1709, 3018, 2993, 2993, 3018, 3506,
1711, 3009, 3027, 3027, 3009, 3550,
1711, 3027, 3023, 3023, 3027, 3551,
1714, 3026, 3011, 3011, 3026, 3547,
1714, 3021, 3026, 3026, 3021, 3549,
1715, 3068, 2869, 2869, 3068, 3458,
1716, 3070, 2877, 2877, 3070, 3447,
1716, 2877, 3068, 3068, 2877, 3458,
1717, 3073, 2804, 2804, 3073, 3486,
1718, 2907, 3074, 3074, 2907, 3467,
1719, 3074, 2891, 2891, 3074, 3467,
1719, 2891, 3073, 3073, 2891, 3486,
1720, 2806, 3078, 3078, 2806, 3454,
1721, 3078, 2874, 2874, 3078, 3454,
1721, 2874, 3081, 3081, 2874, 3446,
1722, 3085, 3067, 3067, 3085, 3520,
1722, 3067, 3083, 3083, 3067, 3521,
1722, 3083, 3084, 3084, 3083, 3533,
1722, 3084, 3085, 3085, 3084, 3532,
1723, 3087, 3069, 3069, 3087, 3515,
1723, 3069, 3085, 3085, 3069, 3520,
1723, 3085, 3086, 3086, 3085, 3532,
1723, 3086, 3087, 3087, 3086, 3530,
1724, 3083, 3088, 3088, 3083, 3521,
1724, 3088, 3089, 3089, 3088, 3456,
1724, 3089, 3083, 3083, 3089, 3533,
1725, 3092, 3079, 3079, 3092, 3519,
1725, 3079, 3090, 3090, 3079, 3518,
1725, 3090, 3091, 3091, 3090, 3536,
1725, 3091, 3092, 3092, 3091, 3537,
1726, 3090, 3082, 3082, 3090, 3518,
1726, 3082, 3093, 3093, 3082, 3514,
1726, 3093, 3094, 3094, 3093, 3534,
1726, 3094, 3090, 3090, 3094, 3536,
1727, 3096, 3092, 3092, 3096, 3519,
1727, 3092, 3095, 3095, 3092, 3537,
1727, 3095, 3096, 3096, 3095, 3453,
1728, 3099, 3075, 3075, 3099, 3524,
1728, 3075, 3097, 3097, 3075, 3522,
1728, 3097, 3098, 3098, 3097, 3538,
1728, 3098, 3099, 3099, 3098, 3539,
1729, 3102, 3072, 3072, 3102, 3528,
1729, 3072, 3100, 3100, 3072, 3529,
1729, 3100, 3101, 3101, 3100, 3541,
1729, 3101, 3102, 3102, 3101, 3540,
1730, 3097, 3077, 3077, 3097, 3522,
1730, 3077, 3102, 3102, 3077, 3528,
1730, 3102, 3103, 3103, 3102, 3540,
1730, 3103, 3097, 3097, 3103, 3538,
1731, 3105, 3099, 3099, 3105, 3524,
1731, 3099, 3104, 3104, 3099, 3539,
1731, 3104, 3105, 3105, 3104, 3463,
1732, 3100, 3106, 3106, 3100, 3529,
1732, 3106, 3107, 3107, 3106, 3485,
1732, 3107, 3100, 3100, 3107, 3541,
1733, 3110, 3108, 3108, 3110, 3527,
1733, 3108, 3109, 3109, 3108, 3545,
1733, 3109, 3110, 3110, 3109, 3477,
1734, 2911, 3111, 3111, 2911, 3359,
1734, 3112, 3113, 3113, 3112, 3464,
1735, 3114, 3115, 3115, 3114, 3363,
1735, 3116, 3117, 3117, 3116, 3445,
1736, 2803, 3118, 3118, 2803, 3367,
1736, 3119, 3120, 3120, 3119, 3485,
1737, 2868, 3121, 3121, 2868, 3369,
1737, 3122, 3123, 3123, 3122, 3456,
1738, 3127, 3124, 3124, 3127, 3342,
1738, 3124, 3125, 3125, 3124, 3337,
1738, 3125, 3126, 3126, 3125, 3355,
1738, 3126, 3127, 3127, 3126, 3356,
1739, 3130, 3128, 3128, 3130, 3373,
1739, 3128, 3129, 3129, 3128, 3361,
1739, 3129, 3130, 3130, 3129, 3285,
1740, 3134, 3131, 3131, 3134, 3375,
1741, 3136, 2816, 2816, 3136, 3331,
1741, 2816, 3127, 3127, 2816, 3342,
1741, 3127, 3135, 3135, 3127, 3356,
1741, 3135, 3136, 3136, 3135, 3348,
1743, 3141, 3142, 3142, 3141, 3373,
1744, 3146, 3147, 3147, 3146, 3353,
1745, 3149, 3148, 3148, 3149, 3281,
1745, 3148, 3134, 3134, 3148, 3375,
1745, 3134, 3149, 3149, 3134, 3343,
1746, 3152, 3153, 3153, 3152, 3349,
1748, 3157, 3146, 3146, 3157, 3353,
1750, 3162, 3152, 3152, 3162, 3349,
1751, 3163, 3136, 3136, 3163, 3331,
1751, 3136, 3164, 3164, 3136, 3348,
1752, 3168, 2796, 2796, 3168, 3347,
1752, 2796, 3166, 3166, 2796, 3333,
1752, 3166, 3167, 3167, 3166, 3354,
1752, 3167, 3168, 3168, 3167, 3357,
1754, 3147, 3157, 3157, 3147, 3353,
1755, 3125, 3172, 3172, 3125, 3337,
1755, 3172, 3168, 3168, 3172, 3347,
1755, 3168, 3173, 3173, 3168, 3357,
1755, 3173, 3125, 3125, 3173, 3355,
1756, 3166, 3174, 3174, 3166, 3333,
1756, 3176, 3166, 3166, 3176, 3354,
1758, 3153, 3162, 3162, 3153, 3349,
1762, 3167, 3176, 3176, 3167, 3354,
1766, 3164, 3135, 3135, 3164, 3348,
1768, 3193, 3194, 3194, 3193, 3375,
1770, 3198, 3141, 3141, 3198, 3373,
1772, 3131, 3193, 3193, 3131, 3375,
1773, 3195, 2864, 2864, 3195, 3341,
1773, 2864, 3202, 3202, 2864, 3360,
1773, 3202, 3195, 3195, 3202, 3372,
1774, 3128, 3198, 3198, 3128, 3373,
1775, 3192, 2800, 2800, 3192, 3358,
1775, 2800, 3201, 3201, 2800, 3346,
1775, 3201, 3192, 3192, 3201, 3374,
1776, 3130, 3203, 3203, 3130, 3285,
1776, 3203, 3142, 3142, 3203, 3339,
1776, 3142, 3130, 3130, 3142, 3373,
1777, 3170, 3204, 3204, 3170, 3370,
1777, 3205, 3206, 3206, 3205, 3441,
1778, 3118, 2807, 2807, 3118, 3367,
1778, 3207, 3208, 3208, 3207, 3453,
1779, 3174, 2873, 2873, 3174, 3333,
1779, 2873, 3209, 3209, 2873, 3447,
1779, 3209, 3174, 3174, 3209, 3371,
1780, 3129, 2908, 2908, 3129, 3361,
1780, 3210, 3211, 3211, 3210, 3463,
1781, 3121, 2906, 2906, 3121, 3369,
1781, 3212, 3213, 3213, 3212, 3477,
1782, 3194, 3148, 3148, 3194, 3375,
1782, 3148, 3111, 3111, 3148, 3281,
1782, 3111, 3194, 3194, 3111, 3359,
1783, 3214, 3215, 3215, 3214, 3446,
1784, 2905, 3216, 3216, 2905, 3480,
1785, 3216, 2879, 2879, 3216, 3480,
1785, 2879, 3219, 3219, 2879, 3468,
1786, 3081, 3214, 3214, 3081, 3446,
1787, 3223, 3070, 3070, 3223, 3447,
1788, 3219, 2912, 2912, 3219, 3468,
1789, 3229, 3224, 3224, 3229, 3516,
1789, 3224, 3087, 3087, 3224, 3515,
1789, 3087, 3228, 3228, 3087, 3530,
1789, 3228, 3229, 3229, 3228, 3531,
1790, 3123, 3088, 3088, 3123, 3456,
1790, 3088, 3066, 3066, 3088, 3521,
1790, 3066, 3123, 3123, 3066, 3461,
1791, 3205, 3225, 3225, 3205, 3450,
1791, 3225, 3230, 3230, 3225, 3516,
1791, 3230, 3205, 3205, 3230, 3441,
1792, 3230, 3229, 3229, 3230, 3516,
1792, 3229, 3231, 3231, 3229, 3531,
1792, 3231, 3230, 3230, 3231, 3441,
1793, 3093, 3222, 3222, 3093, 3514,
1793, 3222, 3232, 3232, 3222, 3517,
1793, 3232, 3233, 3233, 3232, 3535,
1793, 3233, 3093, 3093, 3233, 3534,
1794, 3117, 3234, 3234, 3117, 3445,
1794, 3234, 3221, 3221, 3234, 3517,
1794, 3221, 3117, 3117, 3221, 3451,
1795, 3232, 3234, 3234, 3232, 3517,
1795, 3234, 3235, 3235, 3234, 3445,
1795, 3235, 3232, 3232, 3235, 3535,
1796, 3215, 2781, 2781, 3215, 3446,
1796, 2781, 3163, 3163, 2781, 3331,
1796, 3163, 3215, 3215, 3163, 3362,
1797, 3209, 3223, 3223, 3209, 3447,
1798, 3207, 3080, 3080, 3207, 3455,
1798, 3080, 3096, 3096, 3080, 3519,
1798, 3096, 3207, 3207, 3096, 3453,
1799, 3210, 3076, 3076, 3210, 3471,
1799, 3076, 3105, 3105, 3076, 3524,
1799, 3105, 3210, 3210, 3105, 3463,
1800, 3120, 3106, 3106, 3120, 3485,
1800, 3106, 3071, 3071, 3106, 3529,
1800, 3071, 3120, 3120, 3071, 3487,
1801, 3113, 3236, 3236, 3113, 3464,
1801, 3236, 3226, 3226, 3236, 3525,
1801, 3226, 3113, 3113, 3226, 3472,
1802, 3239, 3227, 3227, 3239, 3523,
1802, 3227, 3237, 3237, 3227, 3525,
1802, 3237, 3238, 3238, 3237, 3543,
1802, 3238, 3239, 3239, 3238, 3542,
1803, 3241, 3220, 3220, 3241, 3526,
1803, 3220, 3239, 3239, 3220, 3523,
1803, 3239, 3240, 3240, 3239, 3542,
1803, 3240, 3241, 3241, 3240, 3544,
1804, 3108, 3217, 3217, 3108, 3527,
1804, 3217, 3241, 3241, 3217, 3526,
1804, 3241, 3242, 3242, 3241, 3544,
1804, 3242, 3108, 3108, 3242, 3545,
1805, 3237, 3236, 3236, 3237, 3525,
1805, 3236, 3243, 3243, 3236, 3464,
1805, 3243, 3237, 3237, 3243, 3543,
1806, 3212, 3218, 3218, 3212, 3483,
1806, 3218, 3110, 3110, 3218, 3527,
1806, 3110, 3212, 3212, 3110, 3477,
1807, 2814, 2824, 2824, 2814, 3389,
1807, 2824, 2818, 2818, 2824, 3393,
1807, 2818, 2822, 2822, 2818, 3392,
1807, 2822, 2814, 2814, 2822, 3388,
1808, 2821, 2792, 2792, 2821, 3387,
1808, 2792, 2798, 2798, 2792, 3391,
1808, 2798, 2811, 2811, 2798, 3390,
1808, 2811, 2821, 2821, 2811, 3386,
1809, 3245, 3244, 3244, 3245, 3469,
1809, 3244, 3203, 3203, 3244, 3339,
1809, 3211, 3245, 3245, 3211, 3463,
1812, 3252, 3250, 3250, 3252, 3459,
1812, 3250, 3251, 3251, 3250, 3340,
1812, 3251, 3208, 3208, 3251, 3310,
1812, 3208, 3252, 3252, 3208, 3453,
1815, 3255, 3122, 3122, 3255, 3456,
1815, 3122, 3254, 3254, 3122, 3308,
1815, 3254, 3249, 3249, 3254, 3345,
1815, 3249, 3255, 3255, 3249, 3460,
1816, 3256, 3112, 3112, 3256, 3464,
1816, 3149, 3246, 3246, 3149, 3343,
1816, 3246, 3256, 3256, 3246, 3470,
1817, 3144, 3206, 3206, 3144, 3279,
1817, 3206, 3257, 3257, 3206, 3441,
1817, 3257, 3258, 3258, 3257, 3449,
1817, 3258, 3144, 3144, 3258, 3344,
1819, 3161, 3261, 3261, 3161, 3338,
1819, 3261, 3262, 3262, 3261, 3448,
1819, 3262, 3116, 3116, 3262, 3445,
1819, 3116, 3161, 3161, 3116, 3283,
1821, 3257, 3264, 3264, 3257, 3441,
1821, 3264, 3255, 3255, 3264, 3456,
1821, 3255, 3265, 3265, 3255, 3460,
1821, 3265, 3257, 3257, 3265, 3449,
1823, 3262, 3266, 3266, 3262, 3448,
1823, 3266, 3252, 3252, 3266, 3459,
1823, 3252, 3267, 3267, 3252, 3453,
1823, 3267, 3262, 3262, 3267, 3445,
1825, 3270, 3268, 3268, 3270, 3477,
1825, 3268, 3256, 3256, 3268, 3464,
1825, 3256, 3269, 3269, 3256, 3470,
1825, 3269, 3270, 3270, 3269, 3482,
1828, 3276, 3272, 3272, 3276, 3481,
1828, 3272, 3245, 3245, 3272, 3469,
1828, 3245, 3275, 3275, 3245, 3463,
1828, 3275, 3276, 3276, 3275, 3485,
1829, 3251, 3277, 3277, 3251, 3340,
1829, 3277, 3276, 3276, 3277, 3481,
1829, 3276, 3119, 3119, 3276, 3485,
1829, 3119, 3251, 3251, 3119, 3310,
1832, 3254, 3213, 3213, 3254, 3308,
1832, 3213, 3270, 3270, 3213, 3477,
1832, 3270, 3278, 3278, 3270, 3482,
1832, 3278, 3254, 3254, 3278, 3345,
